86* Register.

1551111511. fuit 2, 55, 5, 5,15, 0, 555, 0151, 11,15, 15,
15. 151,1, 150, 5, 51, 5111115, 105. 151. supersunt 5, 111. super-
10, 55. 111, 11,15, 15, 55, 11, sit 11,105. supersint 5151.
29105. 1115101113254. 105111 supervacui 13, 13 , 16, 41. super·
3151. 1051111376. 1115150111, 1150115013116. 5005115501510,54.
72. fuissent 6, 642. 101513158, 5110151115 5005105 6,19, 1375.
10, 75. 103. 263, 12, 30. 101501 51101005 3, 280. supinum 14, 990.
,4,140. 1015 13, 200. 1111011110, su ino 1, 66. 5001011 8, 201.
353. 1011111372. futurae 8, 75. 5000115108, 213. supplicium 5, 220.
15151 0, 555. supplicis 15150.
511015111373. sumine 11, 138. suppositus 1, 98. suppositum 10,
summum 11,11, 13, 74, 14, 323. 0. 51100οεὶ1056, 02.
summi 3, 79, 14, 218. ’ 5111551314.
summittat 6, 334. summitte 5, 207. surde 7, 71. surdum 13, 249. 50111ο
0010101ιί10151 12, 54. summissu (111041. masc.) 9,150. (1151111.) 13,
551555 11,155. summoveant 1, surgis 1, 115. surgi55,529;7, 100,
51. summoveor 5111. 10,15,11,111,11,15. sur 1
summula 3174. 3154, 3183. surgere 15,1·³.
summus 1,111, 0, 99, 13110, 15, surgebant 4, 70. surrexerit 14,
35. 5111010116,369,7,155. 5010101 243. surgitur 1, 114.
1555.) 1, 5. 55, 1,101. 105, 10, 1111551115 11, 52.
268. (1151111.) 6, 179. 545. summo suspendit 6, 437. suspende 8, 230;
4, 46. 5001100106, 532. summum 9, 86.
13132. summum 6, 423, 8, 83, suspicit 13123. 5050551115 3222.
14, 289. 5111111110 1,14; 10, 136. 50505515 10, 208. suspectum 9,
147. summit 14, 87, 15, 85. 57. suspecta 12, 93. suspectis
5010105100111. plur.) 5, 18. summis 11, 188.
(masc.) 3, 179. (feru) 6, 349. 5050115111,152.
(nourr.) 0, 515. summos 1015. sustinet 5, 05, 1,10, 11,111, 11,
55551001. 5555 51, 5, 111. sustinuit 5, 105, 15, 55.
249. 50101015 (sem.) 11,35. (1151111.) 51150110 4, 110.
3112. sutor 3294. 5010115 5, 46.
5111110500ιί1 2, 124; 3, 67. 172, 5, suus suu 1, 7, 3250, 7, 213, 10,
128, 9, 19,11,23. 50010012, 84, 10. suae 3162. suum 13198.
6, 285. sumas 2, 66, 3, 56. sume suum 6, 122, 7, 34, 10, 295. sue
14, 326. 5001110 3134. 5001515 3143, 6, 274. 500 3123, 12,
5,105,0,115,0,01,10,10. 00. 1555515111. suos 5,
sumente 0, 034. sumeret 1339. 609, 7, 232, 10, 237. 249. suas
sumes 10, 26. sumet 2, 70, 8, 1, 41, 3, 222, 6,121, 14, 262.
152. sumpsit 3, 80. 5011155111 51153192,10,109,13,230;15,
5, 255. sumitur 5, 151, 101, 105, 15, 51. 5115015, 11, 101.
6, 264. 578. sumendus 12, 51. syrma 8, 229. syrmate 15, 30.
500101510330. 5010010 0, 330.
sumptos 16, 40. sumptis 14, 70.
500110 377. sum 105 3186. T
supe ex 314, 11,19. ”
, 50051 (cum 1155.) 3, 131140. 258, tabellae 7, 23. tabells 6, 558, 10,
5,11,15,11.15. 151,11,11. tabellae 1150. 0-
su erbus 12.125; 14, 282. superbi bellas 6, 277, 3142. 1511511156,
g, 524. superbum 8, 71, 11, 129. 200. 233, 13, 136.
superbo 3150. 5110511115 5, 60. tabernae 2, 42, 3, 304. tabernis 13,
supercilium 2, 93, 6,169. 50051· 45. 1115510151 105.
cilio 1, 15, 5, 01. tabulae 1,10. 151505 2, 28. 0-
5110510 superaverat 12, 68. bule 5, 6, 9, 41, 14, 289. 15110155
supersum superest 1, 35, 3, 27. 250, 2, 119. tabulas 2, 58, 6, 601, 9,

 

