12*

prospro1unt6 369.

prostitui 8, 226,

prosto ,)10111119, 24. ,)10111113, 65,
,1101111111,141, ,1101111116123

prosum ,11061112 41 142· 8, 1.

1101111, 36 profuit 4, 99· 119,

protegit 8, 259. protegere 44, 33;

,1101111113,149; 4,,48 1,,165 11,
199, 13,116,141,123; 16, 211.

,11011611 116, 57.

,1101111 19, 283.

,)101111111,159, 4,;26 5,,91 8,.81

,1111111111111111111 ,110100111124

proximus os. prope.

prudene4, 113. ,)111111111111111113, 86.
11111111 11, 11. 111, 11, 11, 11,

,1111111111 (1101.) 4, 56. (061.) 5, 59,
,)1111113, 83
prurlgofi, 321.
,1111116518 ,11111111 11163,
1811111116, 337.
,111111

,1116110111 19,41.312.,)11111101(11011.
)1,63. (110111,,11.1111)6,335,

111, ⁹67 (111,, 1,111.

,11141113,168,321,1,51,12,8, 14,

111 ’,1111111111 111. pu

(11111111 (1101.) 8,1391. (1161,,)8 183.

,1111111111 19, 298,

pudioue 3,1111, 6, 193,

,1111101 2111111111111311 61911154 19, 329,
14,118.,1111(1011111,151,

8, 83
351, 11, 55· 16 34

,)1111111119111113166, 4114 ,6,494,
1111 1111.) 1, ’11, 11, 111.
puellum 6, 354· 8, 33, 6, 14.
,1111119258 ,)111111141351,11,
164, 14 45 299 ,)11111116, 1191,
11111. 11111111,11,11,1;1,

36, 6,121, 9128.
puellares 15131,

,111111,61, 5, 61, 1, 69, 9, 64, 19, ’
216, 11,146. 154, 13, 43. 56, 14,
192, pueri 6, 494. 552, 14, 48.

uero 5, 164, 19, 392, 11, 59,
113,65,114,41.,11111111111946,14,
11,,1111101,54.,1111112,1152,
3,,156 6,1131,1, 32226, 8, 234,
9,14Ι;191353,1,111111ο1111111,249,
91681 ,)1111112, 168,6, 111. 639,

,1111111111 pulcer 1,199. pulchra 19,

pudioi 6,

,11116011
pudorem 2, 39, 6, 251.

Regieter.

8,;467 19, 161. 289· 12,111,14,
311298 pueros, 3, 264, 1,122, 51

141, 6, 51212,1,1313.1111,1141
2281 ,)11111)υοο.1112,83, 1411189
1111·
16611111 1116, 594.
111113121;16,1111 1,1111113111141111211111111
,)1131110116, 51.
,1113111111,16 41, pugnare 8, 219

pugnanti, 112, 4. ,1111111111 8,

,1111111511916 39, pugms 3,

345. pulchrur’n 4, 5 ,1111111111
16, 51. pulchrum6, 47 pulchro
1,1121,,11110111119,292.1110111111
1,131.,111101111“01119,196.,1111·
16111111111,56,12, 318116,

,1161632131

pullulet 6, 363.

,1111111119,1231. pullilpm 111)
646. (1110111, ρ11111·.),1311142, ,)111110·
1111116, 551, pullos 44, 74.

,1111111111111185

pulmo 4,138. pulmonem 177, 33.

111166161661111111116311111111) 3, 474,
6, 18, 8, 195. 225, 14, 251,

,1111116196 ,111111111,58.,11111111111

7

1111111, 110; 1,.111 1111111111,
11111111,6,16112,16,8,,11111111111
1141οθ1166111111111111111,1511111111 1116111116611111111

,1111111116132

pulvino 3, 454.

,)11111121ὀ61. pulvere 7, 48, 19, 31,

pumice 8, 46; 9, 95,

punit 6 4921111111 8, 235, 13,
191,16,13.

,111,1111111111111, 456.

pupillil, 47. ,111,111111111 15 435. pu·
pilli6, 629. ppu illos 19, 223.

puppis 12,31.11,111,11111 6,192.
,1,11ρ112,19; 14,21161.

ρ11ῳ1111111,1961,1,134.135;11,
155, 11188.

,111,1111111114, 34. ,)111,)1111111112,39.

purus ,)11119. 141· 19, 19.

pusilli 19,121.1,)11111101 15, 76.
p1uillas'17,ro.

 

