42*

11, 16. 1122112 (dot.) 14, 161.
(abl.) 14, 296.

fratris 16, 242. 1121211222.) 5,135.
1121122 5,131. 1121121216,266.
fratribus 14, 169,

fraterculus 4, 96.

1122612 13, 114. fraudem 13, 261.
11211622 13, 11. fraudes 13, 24,

fremitu 2, 221; 11, 211.

srerno fremat 6, 31. fremeret 5, 16.

frena (2121111 2, 169. (ooo.) 6, 66,
16,45. 126.

frequentes 13, 246.

11181622 6, 325. 1118162 (nom. 11112.)
1, 166, 6, 2. (amn. plur.) 5, 23.
(22281111.) 14,360. frigidior 5, 56.

frigo 1112122 6, 516.

111822 6, 366. frigore 4, 44, 1615,
11,15, 112. frigora 11, 212.

fritillo 14, 5.

frivola (nom.) 5, 59. (ooo.) 3,196.

frondibus 6, 6.

11222 6, 169, 11, 96. frontis 2, 6.
11221212 6, 563616, 12, 6, 13,
216, 14, 56. 112212 5, 44, 6, 563,
o, 2; 11, 222; 12112, 12, oo.
frontibus 2, 65, 12, 111.

1122122 5,14, 1,103, 6, 6.

frugalius 5, 6.

111181 3, 161, 4, 23, 14, 111.

1222261115, 14,293. frumentum

fruor frueris 5,153. fruitur 1, 49.
1111212111,113.

frustum 11,112. frusta 3, 216, 5,
66, 14, 126, 15,19.

fruticante 215.

11182 6,61. 1282215,15. 12822144.

12 ’1 6, 253. 339, 8, 266, 16, 169.

gere 2,1,6,26. 12812221346.
1281221221 9,14, 11, 55. fugien-
tibus 11, 52. 12 2121 15, 112.
fugiam 3, 59. 61. 8211121 2, 64.
1281226214,36.

fu 'avus 12111. fugitivum 1, 22.
1812111 o, 111.

tulero fultus 3, 62. 12112 1,162.
1211212 3,193.

121211 6,22. fulcrum 11,95.
fulget 6, 42. 11118212 16, 212. 1111-
2112111169. 12122111 1,146.

1 ¹gaura2lanom.) 14, 292. (222.) 6, 561,

,2 .

121182 1, 221. 12118122 2, 93, 5.

22; 12, 122.

112812121.

1111211212 12, 11. 12112122 6, 92. ful·

mina 2112, 1, ron 12, 12.
1281821811, 156, 3,199. fumabant
fumosos 6, 6.

121221 1,120. 12122 3, 249, 6,131.
fundo fundat 5,142. 122611212,
31. 12611 3, 256. 12221, 169.

fundus fundo 3, 196, 4, 141.

12222121616.

sonestur funesta 1, 113.

fungor 1222122 11, 66.

fungus fungi 5,146.

funis funem 12, 5, 14, 266. 292

1111111121.) 1, 112; 11,11; 12, 122
(aec.) 212, 10, 222. funere 2,
565. 11111212(1122214,103; 19,
211, 12121. (aa) 2122.

1111 2, 26, 3, 41. 1212111611, 13,
23. furibus 6,114.

12112222 3, 291.

1211114, 63. 121212 6, 615. furenti!

1212221,4.

12121 1, 92, 2,16; 6, 91, 14, 136.
221; 15, 22. roo.

furtivae 1,10. 121111212129.

furtum 121112 11, 144.

furva 12, 121.

1112212212.

12212 9, 96. 122122 6, 416.

122221 2, 55. 122211,69.

6.

galbina 2, 91.

821222 (qen.) 6, 262. (dat.) 11, 6.
8212212 2, 136, 6,124, 14, 261.

lea 5,154, 6,166, 6, 263.

22126252. 8212211121 (aee. 211122.)
1,169. (aec. 1121111.) 6, 236.

galero 6,126, 6, 266.

81111112,21;2,121;11,122. ·-
22213141. 8261222112, .

gallus galli (1111212111 Cybelae 6,116.

galli (2212) 9,161, 13, 233.

ganeo 11,56.

gannit 6, 64.

,1129 31.

gamin 1222.

gaudes 9, 64, 14, 216, gaudet 6, 14.
122222212112, 1122, 2,122;
16, 292, 13, 192, 14,16. 82211221
12, 21; 11, 21. udat 212.
gaude 6, 591. 822 212 6, 232, 15,
64. 8226221111 6, 225. 8226212111,

 

