Worterverzeiohniss. 61*

1101111011010111. 1011111, 11011111. nos 1‚112.159;
154, 13, 227. nocens 6, 620, 3,75. 159, 5, 168, 11,114, 14,

13, 3. nocentibus 13, 234. no· 31,15, 106.142.149,16, 5. 1101111
centes 6, 047, 13, 101. nocituro 1, 101, 2, 62, 9,115, 14, 40.
10815111. nosco novi 5, 6. 1101113, 77,6, 402,
nocturnus 8,144. 1011011110 3,12. 11,143. novimus 2, 52. 1101010111
0010110016,118.1100111111118,233. 6, 337. 1101111113,46. 110101117.
nodosum 8, 247. 231. 1101111105. 75. 1101100157,
nodus 0101. nodos 8, 50. 13159. 1101011114136. noscenda
nolo 8, 275, 11010111 10, 96. 110111 11,35.
5, 54. nolit 521. noli 1,126; noster 11, 143, 13,244. 11011113,
6, 378. 1101001115,123. nolentem 84, 6, 254, 10, 25, 11, 203.
9,113. 1101101 6, 254, 13,187. nostrum 5, 94. 1101111011111011,
1101010213. noluerim 8, 75. 553 11, 77, 15133. 1111111118,
110111011036. nominis 6, 385, 8, 44. nostro 12, 29, 14,172. 110-
241, 13, 248. nomen l, 153, 5, 111111111289. 1101110 2,48. nostri
101,0110111;1,111;11,11; 010 11, 111. nostro 1,115;
12, 72, 13,30. 1100111101,98,8, 12, 103, 13,-92. 176, 15,31.68.
31. 1101111111 (nom.) 8, 132. 255. 11011117,171, 11,179. nostrorum
(1110.)5, 127, 6, 604, 16, 210. 234. 3, 145. nostris (masc.) 1,147; 3,
non 1,10.11.11.11.111.111.111; 10 0, 110 11, 100 11, 111.
2, 8. 25. 36. 4149. 66. 70. 75. 88. (sm) 10, 348. nostros 10, 273.
141. 163. 168, 3, 6. 38. 48. 54. 60. nostras 9, 94, 15,110. nostra
64. 79. 81. 96. 104. 11015131. 111. 14, 16. 39. 91. 0011111000.) 9, 137.
119. 151. 155. 204. 281. 303. 309; nostris 13, 171, 14, 323.
4, 23. 34. 5071. 101. 123, 5, 39. notabilis 6, 374.
51. 69. 131, 6, 35. 41. 51. 64. 119. 1101019142. 1101011111116,35. notavi
143. 152. 182. 184. 1851931911. 15,45.
101. 111. 111. 111. 111. 111. 111. notu nota 1,1; 10, 110 11111.
362. 365. 368. 395 (511). 448. 451. notum 2, 58, 3,174, 10, 353.
457. 486. 535. 540. 576. 614. 617. 11011106307. 1101111123. noti
011. 110. 011. 010 1, 11. 11. 55. 2, 1. notae 111. 11110111.
72. 74. 90. 138. 211. 220. 222. 225. notos ll, 153. 1101101 9, 25. 110·
229. 240, 8, 43. 68. 98103125. tissimus 6, 42. 156. notissima
111. 1111111110 9, 5. 1. 11. 00. (nm 5529.) 2, 10. (nom. por.)
1110111110100111011. 1011.
110. 111. 1011011. 101. 111. 101. novalia 11, 111.
263. 304. 320. 338, 11, 7. 44. 50. novercae 6, 403, 7, 234.
54. 57. 134. 147 (bisi. 152. 171. novercali 12,71.
185. 206, 12, 50. 78. 102. 120, 13, novicius 3, 265.
12. 15. 29. 55. 6097122150. novus 8, 237. 110111 1,32.145; 2.
173. 184. 204. 225. 234235, 14, 120, 3, 26. 1101011110250. 11010
14. 25. 28. 51. 58. 103. 106. 130. 6,11. novi 11, 85. 1101010107.
140. 141. 145. 172185. 262. 284. . 189. 1101111114,95. 1101112162.
298. 309, 15, 46. 84. 169. 172. 174, novissimus 11, 42. novissima 6,
1101160111 1,114, 2152, 5,1; 011. nox noctis 3, 268, 7, 222. noctem
15; 1019, 11, 11111. 111. 111, 0110111. nocte 2‚151; 0101.
15, 24. 127. 198. 275, 6, 204. 419. 420.
nonne 1,11; 2, 11, 5,2.1o; 011. 111. 110 1, 00 1, 110 1, 10,
1101 1, 151011), 2, 51, 3,193, 6, 10, 20206. 235, 11,112.187,13.
010 111. 111, 1, 151; 5, 1; 10, 111111, 11, 110. 110. 110 11,
350. 365. 366, 13, 31112, 14, 43. 1100111 6, 35. 605, 14, 306.
9315. 316, 15, 27. 29. nostri 3, 318. noctes 4, 137. noctibus 1, 35: 6.
nobis 2, 121, 3, 92. 126. 243, 6, 302. 309.
147, 8, 71, 10, 349, 11. 131, 14. 1106011113167. nubem, 19. nubes

 

