Womerverzeiehnise.

59, 4, 22. 1111111(111111.)6,33,
10, 239. 244, 13, 110. (feru.) 9,
80. (malr.) 14, 163. multum
(ado.) 10, 3. 191, 12, 66.
111111111181.

mundi 6, 586, 10, 163, 12, 48, 15,
141. mundum 13, 87.

1111111111111131.

. ‚ . .

111111161329.

muniret 8, 248. munitam 10, 111.

munna 14, 183. munere 1, 35, 2,
148, 4, 18. 1111111111.) 3, 36,
9, 53, 10, 358. muneribus 10,306.

munuscula 6, 36.

muraena 5, 99.

murmillonis 8, 200. murmillonem
6, 81. ,

murmure 5, 61, 10, 290, 13, 224.
murmura 6, 539, 10, 89.

murrina 1,133.

merua muro 6132. muros 8, 240.

mua 6, 339. mures 3, 207.

1111111116202.

1111111358. 1111111110250.

mutare 8, 65, 14, 55. 1111111113,
240. mutandum 6, 94. mutatis
6411.

mutorum 15, 143. 11111656.

mutuus 16149.

1111111116156.

N

1111 1,30.61. 100131, 2, 55. 167,
3, 6. 122. 194. 200. 234. 242. 251.
231302311, 4,13.119, 5,43.100.
151, 6, 105. 185. 254. 415. 431.
445. 487. 598, 1, 85069152, 8,
112, 9, 24. 33. 58. 95. 148, 10, 18.
104. 204. 210. 236. 304. 343, 11, 5.
21. 60. 128. 199, 12,17.122, 13,
109. 209. 240, 14, 50. 116. 222.
221, 15, 19. 30. 69. 89; 16, 2. 52.

ωὲὂφὶεθιῆἐὲθ, 1,181, 9, 66, 11,

ωω6π

nares 16134. naribus 6,108.

narrat 6412. narrate 4, 35. narrare
11, 166, 12, 82. narraret 15,14.
narratur 2161.

nascitur 9, 83. naseuntur 14, 242,
15, 10. 1111111650. nascenti
12, 3. natue 1. 104, 3, 80, 614.
259, 13,11. 11111684. natam

59*

10, 122. 11111111,141. 11113,
156, 6,12, 13,142. 1111111568.
11114140. 1111111116,115,10,
241. 1111110201. natos 6, 86.
627. natae 11,111. ιι1619,11.

nareae 12, 123.

naeus 6, 495, 15, 55. nasi 10, 199.
1111 1, 51, 6, 148, 8, 5. nasorum
5,41.

natalicium 11, 84.

1111111351. 1111111121. natalibus
(8111ξεὶ.1111.) 6, 323. (abl.) 5, 37,
, 31.

natio 3,100.

natio (aee. plur.) 6, 612.

1111111111 4, 55. natantem 10, 251.
natantis 14, 8. nataret 11, 94.
natavit 1161.

natura 1,19, 2,140; 10, 152. 213.
301. 303, 12, 41. 79, 1330166.
236. 239, 14, 31. 321, 15, 132.
naturae 3,123, 10, 359, 15,138.
1111111688.

naufragium 12, 22.

naufragus 11, 301.

navigio 111.

navio navem 6, 38, 12, 56, 14, 288.
nave 3,143, 10, 185. navibus 8,
106, 9,132.

naulum 8, 31.

nauseo nauseat 6, 433.

nautae 12, 82. 1111116154. nau·
1116101. nautia 8,174.

ne 1, 31. 110, 2, 42, 3,126. 130.
111. 311; 1, 11; 1, 17. 20. ⁵⁸3 7,
311. 171. 111. 111 1, ae. 77. 121.
9,130, 10, 42, 84. 87, 11, 31, 13,
36. 90, 14, 39. 64. 66, 15, 40. 41.
83, 16816.

11 1, 1. 92, 5, 3, 6, 60. 161. 132.
641. 642, 9, 60, 10, 28. 90, 13.
171. 116140.

nebula 10,4.

nebulone 14, 9.

nee 1, 23145, 2,49. 108. 103130
(bis). 131. 135142. 152, 3, 20. 44
111). oo. 111. 79. 90. 11111). 111.
109. 204. 226. 266. 267. 302, 4,41.
30. 104, 5, 3. 4. 96. 123. 133. 163.
111, 11, 7. 36. 11. 111. 102. 111.
234. 282. 288. 350. 358. 375. 330.
111. 131 (111. 111. 1511111111
7, 11111. 51. 1111 a, 111. 1111.
164. 178, 1118. 134. 200. 201. 263.
21415111. 217, 3, 43. 88. 33112.
121. 147; 10, 51. 120. 161. 233.

 

