66* aegssar.

pateo patet 2, 69, 3,150, 10364. pavonem 1,143.
patent 3, 275, 6, 640. pateant pauper 3, 145161, 5,113, 6. 72,
t), 31. 1151555165. 11511111 1, 68. 9, 147, 11, 3, 13, 96. pauperis 3,
patuerunt 4, 63. 127. 299, 14, 121. upere 5,
pater 6, 51. 77. 600, · 1, 166. 239, 8, 165. pau eribus 5, 611Θ
statae 11,55; 10,130; 11, 51, paupertas 1151 5155 1‚.a1.
14,45.99.105.119.191.155; 16, au estatis 6, 356. u tem
54. 56. patris 3, 43, 5,142; 8, 14,136. paupertate ,13,
217. 1151112131, 1,166. patrem pac acia 6, 292, 14, 72. pacem 15,
8, 244, 14, 96161. 1151511555.) 161. 115558,101,11,195. ’
2,120, 6, 394, 13,- 81. patre 12, 1555516141. 1155551116135. peccet
96, 16, 52. patres 4, 64. patrum 14,53. peccaturo 14,49. peccandi
14, 36. 1155 6, 625, 8, 66. 11205241. .
paterni 6, 55. 115151115657. pa· pecten pectine 6, 370. 362, 9, 30.
terna 6, 88. ..paterno 6, 55, 11, pectit 6, 496. pectere 11, 210. 1155·“
39. paternis 12, 69. teris 6, 21. pexi 11, 150.
pathicus 9,130. 5111151 2, 99. , pectus 13, 127. 115515151156, 5,
patinae (pen.) 171. (1151.)4,133. 60, 6, 93. 96. 251, 11, 26, 13,
patior 515115139143. patitur 1, 196, 14, 239. pectora (11511511,
11,6,2791 13,206, 1151115515, 65. (ace.) 6, 551, 15, 110. (tace.l

96, 6, 292. 1515151220. pati 1,150. ,
5,3.25. 173, 13, 230. patiens 1, peculia 3,169.

31,1,33. 11515113251155511- 1155511151,113;6,296; 10,12,11,
111514,31. 1155511215. 515 46, 13, 34. 134, 14, 139.
14, 161, 15,104. passos 1 ,181 pecua pecudem 13, 232.
patria 11,161. patriae (pen.) 3, 1155115 (amn.) 11,62. lace.) 6, 4, 12,
123, 8, 214, 14, 166. 239. (115116, 41. pecorum 11,11.
60. 111, 8, 26, 14,10.11. uiam 1151111154,122.
4,129, 5, 34, 6, 575, 1164, 6, 115151511391. peieret 13, 36.
45;10,142,11,52. 1151115329, peior 11511.) 6, 210, 11, 135. peio-
10,50, 155219. eioralncnal‘ 8,151;
patriciae 10, 332. patriciorum 8, 13. 26. (aecii 14,57. pessima 9,
190. patricios 1, 24. patricias 121.
4,102. peiuri 13, 174.
patrimonialem.) 14,116. (acc.) 1, 11515111,135;7,33;12,11.’1151515
1ea; 1,113; 10, 133 11, 50.51; 11,11, pelagus 5, aa. pelago
11,155. 11, 51, 11, 111.
patrius 1151115 4, 24. patriis 7, 211. pelamydum 7, 120.
patruo 2,33. patruis 1,158. patruos pelliculae 1,11.
6, 567. pellis 511511116192. pelle 3,150.
patulae 13,74. 115111151639. patu- 5111 115111, 14, 187.
las 3, 277. 1511156131. 1511551555.) 10,64.
pauci 15, e. 111, 11,15. panacea, (aaa.) 3, 211; 5, 111.
531615), 6, 50, 1551. 11511558, penates 14, 320. -
108. paucorum 10, 143. 344. pau· pendeo pendent 1, 46. pendens 10,
51510337. 51155513,160.1151155 134. pendentis 1131, 11,107.
5,107, 10,19. paucis (macc.) 3, eudeutc 3, 190, 0, 650. peu-
301. (1155111910, 11, 145, 13, dentes 10,193. 115511551151555.)
41. 555155115514,155. 6, 227, 8, 201, 11, 62. pendebat
1151511163. 1515516189. 4,1’16
pavidus 11,156. pavidum 10, 67, pendo pendere 3, 15, 6, 416. pensa
1:1,121; 15,.1. pavido 5, 95. 11,55.
pavimentum 14, 60. penes (praep.) 14, 226.
paulatim 1, 63, 2, 64, 6, 19, 13, 166. penetrare 5, 100.
paulum 11, 47. paulo 6, 221, 9, penis penem 6, 337, 9,13,
111. penitus 5, 153 5, 111.

 

