Wbrtaerveneichniss. 85*

66666666 suberant 4, 66.

6664666 subtexit 7, 492.

subterranea 7, 149.

subtrahitur 6, 656.

subvexit 5 89.

succensus 746.

6666468648θὸ84888.2 66664664664, 24.
6666466

succurrere 6, 443.

6664665, 24.

6664666, 543, 956.

66666 6664 14, 76.

eudes 4, 428. 6664666 6, 248.

cudo 66664 3,163. 6666641164,
6, 259. 6646646 6, 426. 666666
4 468, 444, 41. 6666666664, 28.
66666442, 426.

666ο44666 43, 226

666466 16, 234.

sufferre 129.

6444446443, 455, 5,” 7; 6,53, 9 66
46, 46. 466, 43, 466 463, 44, 441
142, 45, 169. 6444664664 3,149,
6454, ’77, 446, 44,6. 66466464
44, 314. 6641466464 15, 86. 6646·
cient 7, 484, 14, 366. 329. suffecit
77. 319. 6644666444 46, 32. suffe-
cerat 14, 298.

sufflamine& 446, 46, 56.

66646846 (66666648, 244. (aee.) 177, 77.

64443, 194; 46, 492, 44, 35. nibil 4,
4414, 4, 22, 5, 449, 77, 176. 439.
365. 457. 668, ’4 24. 444. 249, 9,
92, 46, 41. 2444. 356, 44, 436 43,
46. 244, 44, 234 343, 75, 442. se
4 44 62464 2,4,66 3,.54, 5,22.
4666, 6, :77. 777. 777. '¹55. 444. '757.
363. 546. 536. 5777. 6448, 7, 34. 63.
242, 8, 264, 246, 444, 46. 434. 324,
44, 64, 44, 46. 77. 573 77, 4666,
44, 57. 777. 773. 777; 75, 57. 777.
464, 16, 24. 6666 2, 465, 3, 234,
77. 46. ιε 7, 777, 75. 464, 7, 77;
5, 77; 77, 7773 7, ¹4⁰3 73, 7. 77;
44, 6.

66444646 14, 98.

sulcum 4, 454. sulco 74, 146. 661-
666 4, 48. sulcis 14, 244.

sulpure 13,145. sulpura (nom.) 2,
458. (acc.) 5, 48.

sum 77, 264. 66 6, 147. 2444, 9,143.
66. 66 7, 7. 77. :77. 7777. 464. 777.
425. 434. 446. 464. 463. 466, 2, 5.
58, 7777. 71. 1774. 424, :77. 15. 23.
34. 42. 66. 84. 466. 469. 442. 777.
449. 425. 443. 154. 462. 144. 464.

482. 797. 246. 236. 289. 296. 298.
299316, 4, 4. 15. 26. 34. 54. 55. 46.
97. 463424, 5, 7. 66. 93, 6, 21.
55. 82. 94. 95. 96. 412. 138. 441.
452. 482, 186. 193. 262. 264. 224.
222. 242. 243. 284. 329. 331. 343.
368. 392. 395 (757. 412. 466. 444.
494. 497. 564. 564. 565. 511. 539.
557. 588. 642. 628. 629, 4, 44. 62.
81. 429. 135. 462. 244 (646). 246, 8,
777. 36. 39. 55. 4694. 446. 422.
425 (663), 6, 32. 43. 82. 95. 466.
448 (646), 16, 46. 32. 55. 82126.
446. 448, 155. 759. 268. 212. 245.
294. 322. 328. 345. 356. 356, 11,
44. 77. 22. 35. 5653132154.
464, 42, 94. 448, 13, 2. 44. 75. 84.
96. 166. 418. 429. 166. 173. 483.
196. 236. 243, 14, 39. 45. 46. 49.
448. 757. 488. 264. 215. 226. 254.
246. 281. 364, 45, 93. 95. 466, 16,
18. 26. 49. 6444666 3, 464, 44, 41.
66446 5,134. 64464 6136, 6, 43.
259. 338. 366. 486, 8, 444. 112.
224, 16, 4. 146. 196. 246, 11, 267,
12, 37. 462, 13, 26. 86, 96. 156.
223, 14, 4. 423, 45, 136, 16, 52.
646 2, 6, 8, 81269, 9,126, 14,
33. 66. 146. 644 3, 54, 5, 59. 42,
6, 54. 162. 488. 246. 223. 359. 564,
4, 53. 71. 755. 238, 8165. 196.
269, 9, 139. 445, 77, 25. 98. 211.
348. 353. 356365, 44, 25. 34, 12,
59, 13, 77. 166, 44, 25. 66. 71.
416. 136. 296. 345, 16, 24. 59.
cimus 5, 18. 6464 3, 38. 244, 6,
364, 46, 143, 42, 25, 93. 6646
5, 777. 443, 6, 222, 8, 77. 79. 764.
6666 7, 5844, 2,149, 3, 45, 4,
98. 453, 6, 342, 4, 246, 9,163;
16, 466. 234. 364. 336, 11, 36.
455, 43,12.34.91.249, 14, 424,
45, 38. 98. 141. 444, 16, 53. erae
6, 28. erat 2, 29. 415, 3, 49. 263,
4, 96, 6, 116. 345; 8, 98, 214, 9,
59, 46, 68, 14, 83469, 43, 58,
44, 36. 94. 239. erant 4, 82. essem
9, 71. 66666 6, 599, 8, 41. esset
3, 48, 6, 94, 7, 226, 46, 466, 12,
46, 13, 262. essent 177, 34. ero
9, 147. erit 7, 439144161, 2,
47. 6773 3, 47. 53. 98, 5, 77. 117;
6, 211. 499. 553. 582. 598. 626, 4,
771. 94; 8, 36. 199, 9, 77. 45. 66.
422, 46, 442. 343. 339, 11,136.
448, 43, 175. 148, 14, 43. 218,

 

