Wbrterverzeiohniss.

15, 12, 123, 14, 55. tabulis 1, 68,
1,19, 8,162.

tabulata (nom.) 3, 199. (aec.) 19,

1111013121. 11111 9, 26. 11011
6,139. tacetis 5,169. taceant
9, 193. 115. tace 2, 61, 8, 91.
1111116111195. 110111111211.
tacendis 3, 59.

tacitus 3, 291, 9, 94. 111110 11, 181.
tacitum 13,299. 111115 1,161.

taedae 12, 59. medi 1, 155; 2, 91.
1111112158.

taedia 1, 34, 11, 291, 16,14.

1111111113265, 19,191. taeterrima
mm

1111111111,211.

11111 (nomm.) 2, 156, 12, 193, 13,
41, 14,166. (qen. sem.) 11, 291.
talem (masc.) 1, 46, 8, 119. vem.)
2, 69. 11114,22,15,14.115. 1111
19191119191
12, 23. 11111 8, 292. 11111 19,
193. 111112, 19. 91, 14, 159. 225.
talibus (masc.) 11, 42, 14, 219.
{mmmw

1110116.

11111131 (bis). 131, 2, 48, 3,6(6111.
vmzffiwssmffiaemm
111.1·13;10,5.155,11,13.97;11,
1. 23. 5815. 126, 14, 21, 15, 23.
121, 16, 25. 26.

11111111,19.91.142,2,49.115.163,
3. 2. 98. 298. 243. 392, 4, 11. 59.
69, 166, 5, 6. 15. 2112131, 6,
25. 55. 58. 163. 128. 191. 191. 253.
286. 355. 359. 3119. 413. -134, 551.
566. 5119. 592. 1114. 1149. 669, 1,11.
19. 93. 193. 135. 292. 216. 228, 8,
41. 188. 195. 198. 232. 249. 255.
212, 9, 38. 91. 191. 122, 19, 142.
151. 111. 119. 249. 291354, 11,
25. 62. 131, 168, 13, 199. 111. 192.
291. 239, 14, 66. 93. 191. 226. 212.
316, 15,59. 113, 16,29.

tamquam 3, 41. 222. 398, 1. 141.
Μῃ9η1ωωωψῃ,
232, 8, 49, 9, 91, 13, 61. 69, 11,
111. 112213, 15,111.

tandem 3, 111, 1, 42, 6, 361. 125.
19111119Λ1919
ωμωω

tangunt 13119. tangat 14, 11. 1111-

§eus 11, 219. tetigit 2,128, 1,

99.

tantus tanta 6, 419. 591, 19, 396,

81*

15, 129. 1111111112121. tanti
(masc.) 111161. (matr.) 3, 54, 1,
26, 5, 9, 6, 131. 118. 626 (1111),
19, 91. 313, 13, 96, 11, 299. 1111-
tum (ace. 11110.) 19, 19. 1111111.)
3, 144, 6, 595 (1111), 8, 249, 19,
238, 14, 159. 233. 1111101121.
111111 1, 61. 85. 11110118, 8,
119, 19, 149, 14, 264, 15, 89.
11111116,161;12,114,11,393. 1111-
ωψῃωωῌψω,
4,1, 5, 165, 6, 313. 651, 1, l. 31
91111. 81, 8, 31, 9134, 19, 89.
231, 11,31. 159, 14, 51. 218, 15,
118. 149, 166, 16, 44.

tantudem 1111111111ωὲ1,298. 1111·
tundem 19,91.

111111111191. 111111111582. 111111
16, 186. 1111101141. 1111111
14, 218. 1111116111.

taurea 6, 492.

1111111211. tauro 8, 82.

1111011111161.

tectum (nom.) 6, 394. (acc.) 15, 154.
11110 3. 211. 11111 6, 289, 8,11.
tectorum 3, 8. 110111 3, 269.

tegetis 5, 8, 1, 221. tegetem 6, 111.
1131119119.

tegimen 6, 251.

ω9 1111513319319311
19111ψω911ωἶ

oewmw
Qffimm.
mmmm

tellure 3, 89.

telum 1111 15, 53. 111119, 164. telo·
mmmffloehmmnwa

temerarius 5, 129, 14, 215. teme·
1111151112.

111111111525.

ωψ1ωμψ9

1111101103281.

tempestas 12, 21, 13, 228. tem·
estate 1, 116, 6, 26, 1,2. 164,
12, 261, 11, 392. tempestatibus
5,·6.

templi 13111. templum 13, 219.
templo 1, 113, 9, 24, 13, 295.
templorum 11,111. templis 9,
233, 19, 23, 12, 1, 13, 31. templa
111.159891

temptes 3. 29. tempta 1, 115.
temptare 19, 365. temptarent 1, 5.
temptaveris 5,126.

tempus 2, 115, 8,159,16,19. tem·

 

