62* Register.

(11111.) 14, 292. (1166.) 19, 42, numerum 9, 90. numero 6, 385.

14 97. 1111111116219. numeris 6, 576.
1111111111 19,118. nummus 6, 361. nummi [om einp.)
nubit 2,131. nubet 5, 591. nube 11,139. (nom. plur.) 13, 131,

2, 61. nubere 10, 330. 338. nu· 11, 260. 1111111111ο1111111,111,3,

bentibus 9197. nupsit 6,111. 113, 8,101. 1111111111646, 7,

nuptu 9, 111, 1, 11. 111. nuptum 111, 1, 111, 11,111, 11, 11. 11,

3,15. nuptae 11, 165. 15,19.nummi(nou.)1,135.uummiu
nudus 1,11; 1100, 5,163. nuda 1,48,11,19.

6, 122. 191. 525, 7 35, 15, 51. numquam 1,1; 2,168, 3,44. 121,

1111111111. 11111111, 11, 1, 11. 111, 1,11, 1, 111, 1, 111.

111. nudum 9, 111, 1, 111, 1, 111111, 1,111.111;11,11.111.

35. 1111111111106. nudo1,19; 311, 11,15, 12, 74, 11, 26. 224.

1,11, 11,11. nude 1, 99. 55. 991;15,91.

nudo 11, 95. 111111116606. nu· numquid 2, 51, 11, 56.

(111181. nuda 3, 216. nudis nune 1,99. 95, 2,37. 162;3, 13. 36.

(mue.) 111. ,1111111111 11. 11. 111. 111, 1, 11, 1,111.
nu ‘s 1, 150. nugas 11, 171. 111, 6, 292. 306. 345. 593. 669, 7,
nu uu1, 111, 1,111;1,11;1,111, 95. 94. 111, 1, 111, 1, 11. 111,

111111, 1,1, 1, 11, 11,111, 11,11. 11. 915. 995. 111, 11,11.

11, 111, 11, 11. nullu 1,1; 1, 11111111111, 11, 11. 11, 11,

197, 5, 8, 11,111. 180. 201. 221. 28. 60, 14, 29. 87. 88. 172. 189.

212. 333. 357. 508. 580, 7, 30. 187, 250, 15, 70. 97. 110. 172, 16, 35.

1, 11, 11, 111. 111, 11, 96. 111 nuntiet 11,111.

1111111111. nullum 1, 56, 6, nu 11,111,1,11,1,1,1,111,1,

111, 1, 111, 1111111), 11, 11, 11,11,11,11.

116. nullius 6, 379. 1111111111.) nurus 1,11. nurum 11, 220.

1,1. 163, 3,17, 1139, 10, 77, 1111111113,125,5,8,8,152.

11,111,11,11. (sem.) 1111. 1111111111. nuuue5,111. nu-

nullum 1111, 1111. uullnn 11111111,111. 1111111111.

6, 208, 12, 32, 11,19. nullum nutrieul117,148.

19, 955; 19, 11, 11,111, 11,111. nutrit 11,11. 1111111111111, 11,

1111111,111,1,111;1,111, 11, 11. 111111111115.

87, 15, 26. null91,9;19,115. nutrix nutricis 6, 593. nutricem

nullo 2, 90, 3, 28. 91, 8, 51, 11, 6, 351, 7, 234.

116, 13, 30. 11111113,197. nulla 1111111111 11,119. 11111115144.

111. 111, 11,11, 11,11. uulliu

8, 219. nullos 6, 13. nullus 1,111.

nuru 111, 11, 111.111.111,11, θ·

11. 1111111111.) 1111. (fun.) ο 1,111.111, 1,111. 111, 1, 11.

19, 111. (nunu.) 11,11, 11, 111. 111. 111, 1,11. 111, 1, 111. 111,
uumeu 3, 19. numinis 3,138, 6, 10,122.157.159,13,110,11,180.

111, 11, 111, 919. numen 11, 111;11,11.

111, 11, 91. 111, 11, 91. 111. 111111.

numine 13, 231. numina 6, 568, obductu 9, 2.

11,111, 11,11. numinibus 11,111. 0511 pers.) 6, 559.

311. numine 11,11. numinibus obiter 3, 241, 6, 481.

11,11. obluctam 11,111.

1111111116109. numeres 8,131. 1111111111. obliquo 7, 221. obli·

numeret 5, 11 111111111941, 13, uss 3, 61.

95. numerurelss, 1. numerantur 1111110 5, 613, 10, 201.

6, 382. numerentur 9, 12. nume· obrepit 11,111.

1111111133. obruit 10, 112. obrutus 11, 297.
111111111111111111119.) 7,151. (acc. opruta 15, 6. 0
plur.) 10,105. obscaena 6, 298. obscaeno 5, 513.
numerus 2, 46, 6, 229, 7, 102. 1511111112,9,11,171.

 

