78*

1551115516365.

1551115516,106,11,181.

requiris 6, 286.

1553102, 3, 23. 155. 165, 1, 35.
55, 6266. 357. 629. 659, 7,187,
8,198;9,11;5 10,310,12,10·,15,
91,16,56. 151881. 15513305,
8, '3215 13113, 11,92. 1511,
57,11,261. 151515 1,127, 3,
39, 6,255. 613, 7,22. 162, 9,90.
219· 1,2 52,,313 18, 11, 112.
155556, 97. 111, 10, 98. 318· 11,
115,12,19,11,2.72.311. 155
3, 2’51; 10,86. 163, 11, 130, 11,
261. rebus 9,15; 11, 3516.

rescribat 6,111. rescribere 6, 231.

resecentur 8166.

15516555 2, 57.

resinata 3111.

1555555115,.5

respectus 8, 61.

respicit 7,11.1 1555115151 3185.
151552,,113,268,5,60,6,
11, 8, 91 respicere 10, 275
respexit, 1 3.

respiret 11, 28.

1551513555)556,, 295, 6, 391. respondit

1555115550, 585.

1551551 10, 58. reste 3, 226, 11,
271. restibus6, 36

1551151551 3112. 1555515568176.

1555511155 1551151556, 26

1515151151555.)2,118,8,201.15-
115555, 95.

15153551516, 279.

15115515152, 96. reticulis 12, 60

15115515 3138, 13, 201.

reverentia2, 110, 5, 72, 11,17. 177.

revereor 1511515565 6, 513.

reverti 3, 301, 1, 52, 11, 186, 11,
281. 151515116312. reversi 3, 37.

revoces 11, 231. revocante 1, 27.
revocabat 2, 30. revocate 6, 576.

revolvas 8, 272.

reus 1, 105. res 6, 213. 151 15,

rex 1,136; 5,11. 137, 10, 216, 11,
255. regis 5, 161, 6, 525. 661,
10, 161. 15311,163,5,130 6,
107;12,108. 1535511126, 8,
161, 10, 273. 1535 6,1, 13, 119.
{esi-ei ⁶66⁹ helco' 1111161 11111

1 · r'r ¹ 1
1352.
rhetor 1,11, 3, 76, 7,198. rhetoris

Register.

7,217.1115151516,132.11151515
7,·197 15,112.1115151556,.138

1551511557173.

rhinocerote 7, 130

rhombus 11, 121. rhombi 1, 39. 129.
1551555511, 68119 ’

1151515 10 230 1151510212

1165531110.1165113172,15,71.
11656, 261. 5651561313, 8,19.1
116551531311651151162951.
1165565 (irem. einp.) 6,161. (aee.
luc.) 10,121.

11 culum 11, 55. ridiculos 3,153.

rigidi 10, 31. rigidae 6, ,129.

1155551115. 1155351. rimans,

rimor rimabatur 6, 551.

11515553, 270.

1155111351.,Ῑ7 265· 10, 86. ripamrn

neus 1017. risum6,71; 7212,
13, 35, 15, 15. 11511 10, 33, 13,
171.

rite 1286.

1115115111. 11511315.

rivalis 6, 218. rivales 6, 115. rive·
libus 12, 126.

11116130.

rirrp5 ξ, 282. 289. rixae 3, 288,
, .

rixantis 15,61.

robiginis 13, 118. ’

155515 6,12. 155515 (corn.) 16, 115.
(oce.) 12, 9.

robus robum 8155.

robustior 16, 197.

15611 5,153. 15655551 3, 207.

1531113300, 11,302. 153559 111.
15355116, 581. 1535515153, 210.
ro 35551 6, 386. rogaris 9, 73.
55ξ5119,118.15351555,63,7,

1ο35,111155111.’

1ο 31,1510211. 153115, 110,·

rosae 11, 122. 1555511, 251.

1555516121.

1515 13, 61. rotam 1, 131, ’8, 118.
1515111111. 1515511159.

rotant 6, 316. rotato 6,119.

rubeo rubet 1,166; 6,179. rubenti
13, 37. 1555515517190.

ruber 1115115,27.111515511,192.

1555155 6. 659. rubetaml, 70.

515155565156,125.

1555151513212.

metante 6, 16. uretevit 3, 107.
ructarit 1,31.

 

