74* Register.

quare (intorroy.) 6136192, 9,1.
(rel.) 6, 202.-

3333333331, 51.

quartus 3333139,11.

- 3333113225.

= quumo quassae 2133 3333331331
3331333312162.

· ÷= .·3331311,122.

quatit 12, 5. quatiente 13,195.
quatiam 13,171,

¹quattuor 5,11, 12, 59, 13, 58, 11,

que 1, 12, 11. 51. 11. 82. 83. 116.
126. 121. 128. 132. 133135136.
118. 162. 161, 2, 17. 31. 16. 54.
77. 31. 9196111, 122. 111. 116.

. , 151; 3, 11. 1135. 5655. 56. 71.

3333333
3333333
3333333
6666.mm.6
3333’ΜΜΜ3
666666m
666666666
6666666
3333333333
Ι.ι333.3331333335.3.
6666666
π3333333
3333333
6666666
3.333.333
6.6.666.66
66666666.
·66666666
66.66.666.
¹6666666
666666666
66666.66
6666666
6.6.6;6.6w6
666666666
6.mfflm6.66
6666666
6666666
v6666666115.

117. 118. 123. 131133136113. ,

155. 101. 163. 169. 1821113223.
226. 233. 231. 236. 251. 251. 270.
, 212, 9, 11. 26. 29. 31361152.
5112121131, 10, 6. 11. 15. 20.
36. 33. 50. 53. 58. 66. 100. 111.
129. 131. 185. 138. 1111119150.
152 Ιξ5ί3). 161. 110. 1111171192.
193. 199. 261 313). 212; 211, 250.

6666666
6666666
3333333333
666666666
666666666
131333;33333333
666666666

''6666666

61, 68. 18. 80. 81.’ 82. 85111. 119.
138. 151. 167. 109. 171185196.

’, 198. 205. 206. 212. 222. 216. 218,

6666666666
76666666
6666666
6666666
6666666.
6666666
66666666
mmmfflwffl66
66

queas 11 251. queat, 1 29, 8 ,15,

16, 359, 16, 1.

quereus 11, 181. quercum 6, 381.
querellae 1619 3333311613135.

3331311330, 91.

queror 33331132, 131, 13,11,

ritur 6, 36 33331133 16, ί233
..113111 11 663:
161, 21136125, 3,.5253.86
161.121.138.159215.215.251.
218362,1,32.96111.111.111;
5,1.11.1.86.151.116, 635511.
533. 557. 563. 581, 1 28 51513).
116. 131. 141. 173. 181. 185. 218.
221, 8, 36 56. 111. 196. 191, 9,1.
45. 96. 112. 122116, 16, 18. 33.
161. 169, 182. 211. 2182562119.
358. 359, 11, 21. 68. 81. 136. 115,
12, 9. 31, 13, 16121. 156. 152.
186. 269, 11, 1. 18. 5212615151.
116. 111. 116. 162. 136. 229. 235.
236. 266. 261. 210. 288. 312. 313,
15, 21. 81. 91. 113, 16, 3612. 59.
quae 1, 69. 116. 110, 2, 66, 1, 21.
132, 5, 81. 99, 6, 166111. 186.
208. 253. 362. 356. 351. 399, 413.
131115118152111 198. 511.
515. 589. 596 633. 651, 111. 228,
812. 43. 261, 9, 1531613126.
163. 269. 233212, 131963 119,
11, 26, 15,133, 166. quod 1,
35,3,5;5 1,13;5,1..59.91,6
152. 2613115126, 1, 165; 831.

122,16,239,11,169 129,12, 68
86,13,226,15,91,16,19 euius

 

