96*

14, 199. 246. trepidam 3, 139.
tre ido 1, 36. trepidi 2, 64. 111-
pi os 16, 296.

tres 2, 28, 6,144, 14,169. 1116113
111ΜΜ3Μ13Μ1Μ.
111115, 121.

tribunalmmn.) 10, 35. (aee.,)8 127.

tribuni7, 228. tnbuno (31111 101,
21651361.) 11, 7. tribuni 1,
109, 3,.132 1115111081,92.111·
11111113, 313.

tribuo 11101131 10, 301. tribui9, 39
tributa 3,188.

11161111118,203,13,81.

1111111113, 261.

triginta 12, 74.

1111111111.

triplicem9, 7.

triremis 10,135.

triscurria 8,190.

66666666666
11,153. (fem.,;)ll45 2,;62 6,
1281111111311316569 14, 110.
(31111349. 111311313313 plur.)
6,6.9 113)1,.1 tristibu62,;9

11111111, 55

1111116, 412.

111111,ρῇ111118,144.11111111111111,

triumphi4, 125. triumpho 11, 194.

trium hum7, 201. triumph066,

169, 6107.

tro 1110133.

tru 3,108.

trunco 8, 53. 1111111219. trunco
6666666.

6666

trux truces 15,125.

ωΜΜΜ1ΜΜΜΜΜ1
2666666666.6.
16666666m6
275. 276. 282. 312. 377. 641. 642;
66666wwwmm
ΜΗΜΜΜΜΜΜΜ
ΜΜΜΜΗΜΛΜΜΜ
ΜΜΜΜΜΜΜΜΜΜ
6666666666
188. 199, 5, 5. 39. 52. 84. 81. 113.
118. 128. 132. 138. 161, 0, 7 1613).
32. 49. 60. 80. 161. 178. 200. 200.
218. 231. 210. 218. 448. 495. 601.
666666666666
115.127. 134. 209; 9, 3. 14. 33. 71.
ffifflfflfflmwssfflw7
666ffl6mmm66

Register.

1.15159.118,14,49.51.56.141.
Μ3Η3.Μ311Μ.1
13722138. 7283, 352183.
185. 291. 296. 302. 318, 5,1.58.
62. 72. 162; 6, 167. 396, 7, 142
147. 195, 8, 42. 68. 14. 81131.
136. 138. 142. 211, 9,35. 46. 56.
81. 94. 112,10,5.125.305;11,
38,13,8.101. 128.140.161.221,
14, 201. 211. 226. 315. 322, 15 ,86;
Μ3.ΜΜ1,Μ1Μ1
ΜΜΜΜΜΜΜΜΜ
6666666666n6
232. 238.

ωΜΜΜιΜΜΜμῌΜ
tubarum 10, 214. 111113111169,
ΜΜ

tubera (nom.) 5,116. 1666.) 5,119;
66

tubicen 14, 243.

tuetur 3, 201, 14, 302. tueri 13,
201. 1111111138169.

66666666666

tumes 3, Μ, 3, 6. tumet 6, Μ.
tumentem 10, 309.

ΜΜΜ1ΜΛΜΜΜΜ.
666626.666166

tumultu 6, 66 1616.

tunc 2, 30. 148; 3, 21. 214; 4, 28,
5 ,111, 6, 11. 66. 991013). 122. 235.
210 (613). 276. 317. 327. 342. 601,
1,ΜΜΜΜΜΜ1Μ3
100; 9, 118, 10, 20. 41. 89. 267.
ffissmwmssmwfflm
6666666

tunicae 8, 20”. tunicaml, 93,14,
153.1111111118,235,103813,
122. 1111111113, 179. 254. tu'uiuiu’
14, 287; tunicas6,.446 477. 521

tunicati2, 143.

turb64, 02, 5,21, 6,,439 10,13,
13, 46, 16 46 81 1111111111 (9.3111
6666.m.66666
161.1111111“13,“239,6,1,96 7, 131.

turbat 13, 222. 1111113111 6, 8, 14,

turget 14138.

turgidus 1,143. turgida 2,141.

turpis Uenu) 2,11; 6,131, 11, 176.
1111114 13, 0188, 11, 177. 1111-
1112. 111. turp 10241. em
6666666666.
1,5,14,48.1111,116,299.1111
1’3’1Μ1Μ33Μω
66662,w‚69.6⁸

 

