Wtrterrerzeiehniss.

digitos 6, 197. 422, 7, 89. 232.

1701328, 2,107, 5,44, 10,
22 2,12,’518,”’14,222,15,92.’
618111,111114 324.

dimum, 1’17, 5115173, 7,2,9
,85.1’88, 1’5,1’40. 6181164,’1136
5, 62, 6, 61. 161 230, 10, 157,
12, 114, 13, 82, 14, 206. 6181111111
1116111.116,2’2.”.188881800.19,,47
19, 183, ’12, 45, 15, 17, 16, 31
(444. 6181111111 1’3, 265. ’61811118
1,73,10,255;14506181118,
67. 61811106,’50. 6181818818
11.,.itr)141 ,,8881151, 15, 118.
1’29. 6181118113, 235. 'etima
6,24961811100180133

6181061801 16 47.

6168166111 dilexit14,414. diii-
11113,49.611881110’10,318.

11018 6, 411.

dimidium, 6, 257, 13, 95. dimidio
14,144; 14, 5. dimidii 5, 8. 11-
8161815, 84, 14,201. dimidios
8,4, 5, 57.

dimitte 1,115. dimittere 5, 44.
dimittente 8111. dimittatur 4,

dinoscere 44,.4

dirimente6,l64. dirimi9,79.

diripiatur 6’, 404.

(111116 14, 196. 61111114, 60.

6111104, ’,116 7,161 61104, 14,
12 26 15 32 96 6111108119·
13’ 1066111 1:4‚144dira 15’
104. dirist,84;10,15.

61088600 7, 50.

distinxerit’ss, 120.

discipulus 11131 610811617218.
distipulffioititt. 610’8’111111’1113,
117, p14, 213. 6108111116 2, 28.
discip 11181 10, 224.

discit 6,155,’6,66.610811111 14,
209. diffiniti, 30, 14,9. 6161·
80101822.

6108018086, 500,13,118. 610811·
mini14,5’44; 1'4‚14'4; 14, 44 55,
14,20312901 6108118011’ 0, 592.
discrimine 5‚4i4; 8, 54, 11, 32,
,4, 258. discrimina 6, 301, 14,

61080868105,12; 6,.434

discursus 166

dittudendt' 14, 145

6100111107, 31

6107118886,119.

30001111 1808101011.

33*

dispensatore 1 91.

dispenso 3, 267. dispenset7, 219.
disperui4, 18 dispersos 15,151.
displicet 14, 2. 215. displiceat 2,
ί256498101111880111,14,65. displicuit
disponit 8, 490. disponat 6, 163.

3peponem 7, 44. dispositis 14,
dissimilem 8, 218, 10192. dissi-
miles 18881.) 15, 68. (acc.) 3,18.
dissimules 9, 70. dissimulet 18, 9,

distendere 6, ’5.08

distinguat 5’, 01. distinxit 4144.
distingui uiri, 127· 14, 289.’

disto 610”’111’17,1’94.’610181 11, 26.
distare 14, ’98 distantia 3, 97,
18111.

diu 4, 51, 5,160; 6, 2, 8, 87, 10,
118, 11,·31.

diverse 15, 94. diversum 7,172.
diversit 18130. diverso 10, 263,
13, 104. diversae 7, 156. diverse
3, 268, 8, 257, 10, 3. diversis 4,

dives (masc.) 3, 240, 5,113, 7, 30,
14, 176. 0111.12,60, 6, 162. 460.
61011103, 31, 6548, 9,102, 11,
168, 13, 27. ’6611111110 ’10181613
50, ’11,'144. 11881.,.10505

6101111114, 124

divinus divina 14, 125. divinorum
15111. divint' 4, 444; 14, 455.

divitiae 1,114; 8, 300, 10, 24, 14,
329. divitiarum 1,114. divitias
14, 135130.

diumi6,483.

divtis divorum 0115610618 6,
393, 13, 31.

687,’105’ 61003184. 601219.
63· 3 279, 13, 10, 14, 30. ’230
6111111118,70, 11’,176. (18111190.
601 6, 3’54. da l, 101 15131, 3,
181, 811115, 0, 80, 1414. 100
118), 10, 44. dare 4, 118, 5, 580,
1,18, 18185. 008, 18101, 15,
144, 111111. 151. dabat 11110,
11, 85. duel 7, 104, 15, 155.
dabo 44, 90. 6011112, 79, 3219,
5, 53. 166, 6, 214. 586,” 1, 45. 90’
104. 171, 11’,159; 13110125,
13,179.’.’244 6111111111’5, 585, 7’
201, 10, 164. 349, 11,1’79. 'da'
111160 10, 44. dedi 9, 39. dedisti
4, 44; 4, 141; 14, 18. 444. dedit
t, 150, 1,10. 111, 8180, 0, 111.

3

 

