W6rterverzeichniee.

ΜΜΜΜΜΜΜ
ΜΜΜΜΜΜΜΜ5
ΜΜΜΜΜΜΜ
5555555555
QQQQQQQQQ
ΜΜΜΜΜΜΜΜ5
ῙΜΜΜΜΜΜΜΜ
ΜΜΜἩΜΜΜΜ
ΜΜΜΜΜΜΜ
55555515515555
QQQQQQQQQ
ΜΜΜΜΜΜΜΜΜ
ιηΜΜΜΜΜΜΜ
ΜΜΜΜΜΜΜΜ.
ΜΜΜΜΜΜΜ
ΜΜΜΜΜ.ΜΜ
mmmofflmmw
QQQQQQQ.Q
(ΜΜΜΜΜΜΜΜΜ
ΜΜΜΜΜΜΜΜ5
ΜΜΜΜΜΜΜΜ;
ΜΜ55555555.
QQQQQQQQQ
QQQQQQMQQ.
ΜΜΜΜΜΜΜΜ1
ΜΜΜΜΜΜΜΜ5
ΜΜΜΜΜΜΜΜ
15ΜΜ5ΜΜΜΜ
ΜΜΜΜΜΜΜ
ΜΜΜΜΜΜΜ.
ΜΜΜΜΜΜΜ
ΜΜΜΜΜΜΜΜ
5555555555
QQQQQQQQQ
QQQQQQQQQ
ΜΜΜΜΜΜΜΜ5
ΜΜΜΜΜΜΜΜ,
ΜΜΜΜΜΜΜΜ
ΜΜΜΜΜΜΜΜη
lmnmmmeQ
QQQQQQQQQ
ΜΜΜΜΜΜΜΜ5
5Η55555ΜΜΜΜ
QQQQQQQQQ
ΜΜΜΜΜΜΜΗΜ
ΜΜΜΜΜΜΜΜ
ΜΜΜΜΜΜΜ.
ΜΜΜΗΜΜΜΜ5
ΜΜΜΜΜΜΜΜ
QQQQQQQQQ
QQQQQQQQQ
Qmwamme
ιηΜΜΜΜΜΜΜ
ιηΜΜΜΜΜΜΜ
ΜΜΜΜΜΜΜ
ΜΜΜΜΜΜΜ.

37*

2631515). 268. 271. 275. 276. 283.
285. 289. 290. 292. 297. 299. 302.
308. 318, 15, 91515). 22212931.
35. 12. 17. 50. 53. 57. 59. 61. 62.
68. 71. 71. 79. 86. 89. 101. 105. 113.
126. 128. 131. 1101515). 117150.
152. 166. 167. 171, 16,6.11.11.
15. 17. 22. 27. 31. 38. 16. 18. 57.
5111555Ξ11551.) 1, 57, 6, 422, 9,108,
51 - et 2,115, 5111152015. 307,
5, 11. 575, 101-106. 110, 51015.
296. 386. 592, 7, 1. 33. 37. 73. 137.
1905, 8, 93. 219, 9,123.132, 12,
115, 13,88. 197, 1115721135.
et156. 157. 255, 15, 65.
-,512 116,10, 362,13,
et653 θ11, 237.
51- -5151158, 170. 51- -1155 6, 37.
51-- etiem 1,15(515) 100, 2,136.
113, 3,.92 111. 305, 1,31. 17. 81,
5,25, 171, 61515237 260 296.
332. 111. 151, 516. 552. 615. 611.
660, 7, 88. 205. 239, 6, 89. 117.
163, 9, 19. 27. 32. 88, 10, 13. 51.
52. 126. 183. 317. 320. 351, 11,
177,12,17. 29. 16, 13, 82. 81.
102121. 117151,11,1.99.119.
177. 213· 15,17. 103, 16, 60

5151111118,111,16,.1
5111151269, 5,91, 6192 572 8,

ffl;6,w;n‚QQQQ'Q

ΜΜΜΜΜΜ5
evado evadere 12, 35. 555511 0, 65,

1ξ,1ἑ12 evasisse 15153. evaserit
evehit 1, 38.
eventum 11,198.
evertentibus 12, 31. 555111110,108.
55511515 10, 7. 5551511111 3, 258.
eversa 10, 266. 5551515 11,101.
euhoe 7, 62.
5115115115 6, 378. 5555551151 12, 35.
eunuchi 6, 366.
5111115 11, 119. 5111115110, 180. 51115
12, 63. 511155 11186.
ex 1, 81, 2, 36, 3, 39. 139. 156, 1,
131. 118, 5, 131, 6, 291. 151. 578,
7, 123. 216, 9, 83, 10, 39. 63. 77,
11,55.117.121.132,13,21, 11,
46. 201. 261 es. 5.
1131111515 1Ξ 5155115115) 6, 29. ex·
5511515, 2 88
5155551368.

 

