60*

231. 235. 3061616). 343. 327; 11, 7.
11. 75. 1321615). 136. 1121661156.
157. 158. 186; 12, 12. 13. 52. 66.
93. 162. 103. 121. 13016151 13, 6.
6. 12. 22, 131616). 16511161197
1615). 111. 1211616). 121128177.
181. 211. 225. 21916315 14, 6. 27.
1316131. 16 52. 93. 98. 111. 130,
116. 173, 201. 225. 216. 278328
(bis). 329; 15, 65. 81 1071211616)
119 1616) 16, 9 18. 50

6661111161,6;6,130;11,67.

6666665 3, 290.

neco 66561 10, 316. necari 13176,
necandos 6, 596.

nectare 13,11,

6651117,16. 65516 6, 51.

nefandae 13171. nefandi 15, 116.
65166116 15165.

6616616511112127;13,238;15,9.
12. 1555.,1883; 13 51 11,188.

6651651862, 132. neglegi 1 9, 92.

61661516. neglecta 44, 45.

6555 66 61 1, 7,9 3,.208 negem
1, 405g neget 10,67;13,77.
negabis 3 468. negabii 11,131.
negaverit 10, 321

66 5ο11615551),11 261 1655.) 11, 183.

66165 2, 83, 3,46. 172. 21116111 1,
8,119; 5,90,108; 6, 1711216111.
562. 617 628, 7 17115139157.
2231616) 8,15.127; 9,;106 11,
93; 13,3,76. 131 116166 11,
59207 233; 15,8. 16.

nemorosa 3, 191.

ηε1111 115116581157ξ i 4⁴ ’1111015 1 ,θ’

nemus 3,13. nemore 15152161.
nemorum 1, 6.

nepotes 165111.) 8, 67. lace.) 2,128.

neptes 6, 265.

nequam 6,197,

nequis nequa 5,120.

neque 4, 119; 3, 79.110; 7, 59; 8,
98; 11, 30; 11,127.

nequeo 3,12; 7, 56. nequeant 2,

neq (1111566168, 205.

nequitiae 14, 216.

66116610,205.651119,35,

6665151, 730; 3,11; 11,18; 16,30.
656516 3, 200; 5, 159; 13, 33. 31.
6566115, 60, 6, 217. 301· 12, 28;
11, 231; 15, 4. nesciat 10, 360.

1115661556, 168; 7 97. nescierint

Regisier.

6666166 11,100. 666516 13, 210.

666 11, 203.

61 3, 321; 9, 71; 10, 339.

niceteria 3, 68.

6165165162.

nidus nido 1,116; 5, 113. nidos

61511111, 291. 615115,;53 13 215
1601311113 ...W
11. 6151663,30;6,31.61515
6, 376, 15, 19, 61 10, 215.
6151561, 72. 615166 ,150 61516
13,15.

nihil (nom.) 3, 84. 109. 112; 1, 70.
99; 6, 213. 281. 331. 160; 10, 155.
1655.) 3, 209; 5, 6. 118; 6, 213; 7,
71; 8, 75; 10, 360; 13, 18. 227.
nihilo 5131. nil (nom.) 1,117;
6, 321; 7,160; 8, 53. 61; 10, 71.
82; 11,11. 1555.) 2,139; 3, 51
1615).152,208,295; 1, 22, 6, 58.
86. 173. 212. 222. 231. 157 (bis).
661, 7, 51. 2063 9, 31; 10, 72.
316· 11,1211611);11,97.185
2911516)313; 15,88.118; 16, 12.

6116115651, 87,

nimbus nimbo 5, 79. nimbos 7,163.
nimbis 1,81.

nimirum 2,101; 7, 78; 10, 218;

nimis 6115,

nimius nimia 12, 97. nimiae 11,
196. nimiam 6, 46. nimia 10. 12;
45, 77. 611615 10, 252. 6116156
15155 11115 16,]1. nimias
10‚105.

nisi 1, 152, 3, 49. 116 5, iso. 155.
518. 581; 7, 63. 87. 110; 8, 53.
57. 199; 10, 155. 338; 11,122;
11,153.

nitet 1, 161; 15, 4. nitent 11, 61.
nitentia 12,88.

6111111 (qen. 111666.) 3, 157. (noni.
plor.) 11, 178. nitidis 44, 2,
nitidos 6, 8. nitidas 11, 60.

61151 3, 489; 9,13.

niveus 5, 70. nivei 7, 221. niveam
123. niveos 16,15.

niz nivem 16111.

nobilis 165111. mmo.) 6, 81; 7,191;
6115616615515113.5516.)
8 19. nobile 11, 95. nob''um
7916611111516176.

nobilitas 8, 20 139, nobilitate 1,
31; 1, 97.

 

