worurvemiohnin.

7,137, 8,5, 11453, 11, 54, 15,
11. 144144 11144.) 7, 47, 8,147,
9,14⁸; 14 291;15,⁵7.

144111418,31’,15’47. 144114 3, 31,
4, 1113, 8, 43- 13 7514411414 3,
144,5’,1ὀ7. ’1441111414ω13,447,
4,4’3. (14411858. 1441114415 8.
dene [adv] 3,’154.

14411111- 1114111) s, 484. (m) 3,115,
θ, 493, θ40; 10, 255; 13, 203,

saed 1441- 7,48,14,71.144111,
78, 4, 57, 3, 153. 444. 484, 5, 81.
14ὸ;’1,1’111’.413.581.141,551,
, 84. 438, 8, 415, 8, ,187,

 
  

 

 

ι, 56134173, 8’,1,
”.137 14414111 5, 41.
14414481814,57. min,
147. 1.’4111111’4 1115, 5, 475, 7,
14,15 448, 11, 178. 144 8188,
14, 345. 1444 ’5,114. 14441411,
481.14414448,117,144141141.11,
181. 14118144 54841154141 5’
388 14441441 15,143 114141 5,
554, 517, 8, 34. 14414111 1,118.
148, 465, 5,117, 8,115 1..-
tum 5, 448 ’1441114-11111111 amq)
11, 85. (uc. m.» 14, 58. 1441
5, 438, 14411 ‚mm 3, 54,4. 43,
7, 83, 8, 148, 443, 1ο, 45, 1441411114
8153, 1444114 8, 41. 14441111,
58, 8, 114, 444, 485, 14, 151,
raim 3, 431, 5, 458, 14, 185.
14414441 4,14; s, 518. 1411411114,
511. 14414114. 15, 1118. 1441114 ο,
157. 375. 14414 5, 185. fad
(44111) 3154, 15, 418. cm·-
14,44 er. 2¹⁰-

smm 14411 s, 471, 13, 183. 411),
144511413148, 1441144,11,8,48,
tna-mdia 4, 84, 7,145, 18, 111,

sunau· 1441111114 8, 445, 7, 35, 18,
474, 15, 111. {mundum 8, 48.
1441111411 m, 45.

1441111111 a, 14. 14411115, 544, 11,7ο,
14411114 8, 148. ‹anm-i. 11,4ι1.48,

sm 144414 3, 51.

14144 8, 5811.

1411441 13, 4.
finit 14, 188.

1414114 8, 84, 14, 418. 14141 1,57,
4, 45. 1141411111 15. 34. 144οή1414.)
1, 88. ‹mm› mu. 141444 8, 144.

 

³⁹⁸

sak 14144411 13, 38. 14144 8, 4111.

ffleibu- 14, 14⁹.

14141. 5, 55, 8, 71, lma, 141444
ξφα..) 11,581>; ’1,38, 141, 145148,
1,*1ῗξ21, wfflaffz ¹1⁸'¹²'¹”1, 22,
141144 7, 78, 14, 1,

1441141544 14, 148.

snm· 5,18, 14, 318, 15, 1414131.
14144111 4, 138, 8, 3511, 14, 473.
141114 e, 444, 14, 84, 15,184.

rma-0 15,48. 14111444 s, 83.

1411111144 14, 81.

rmum„ 4,114, 4, 143.

14411111 8, 44, 18, 4811, 14114 14, 47

sn 141-114 5,11. 141-14 8, m, 8,

143. 138. nm 1²,134; 14,155.

14111144 5, 88.

§magn 1, 85,

famu 11, 188»

144 (mm) 1, 131, 5, 3481148, 1ο,

ὦιέξῷἓῖε “1“ἴ“’14“4’”’
ms· 14444 ’7, ‘unt 144444 (mum)
111, 35. (aa) 8, 458, 18, 78.
funibu- 5,110.

§¹16AEoe 11,80 'additu- 10, 270,
1441411114’ n), 3411.

‚ra-nucum fu’nffi. 11141111 94, 184.

48114441 m, 484.

sutis-m 5, 38.

11414144 111, 1831 14141111- 4,17; 11),
174, 15134, 141411 a, 58, 1³,
22² snoeben 13, 248

mimo, 5, 5, 444 14· 1443 45

1411141488, 5588, 8 4,14,43.
1411 7, 41)’1>,’,15 ⁴1 14141141,’148,
11 1⁰531ss1,1<u; &1³7 158:
snb 3 274· 7, 201; Θ, ³², 10,
140. fiwnlm Ί, 190; 10, ²52
14414 4,15. 1414 8, 554 14114 5,
133, 13, 155.

satum ratum ὃ, 058. catuna 8, 8.

1411417111. 8, 487, 13, 414.
14141114- 14, 88. 14114441 14, 75.
144111 1856.

su 144414 81381444 151411.

fuce· ὀ, 139.

febri· 8, ἰ7. 141114 111, 418, 13, 448
115144 ιο, 483.

14411118. 5, 154. secundm 4, 84.
1449111181, 8, 55, secundior u,1·1·1;

felix (mund ⁴,83 7, wo. 1⁹1* 1⁹5.
444, tu, 448, 13. 187, 14, 41.
υη.,18,458. 1411154181. mm.

