W6rterrerseichniss.

311, 11, 1. 45. 5996. 1311183,
11, 5. 13. 16. 11. 18. 51. 51. 61. 19.
191, 13, 6. 51. 1111. 135. 111. 118.
213. 115, 11, 36. 13. 19. 81. 195.
111. 135, 151. 169111191191.
118. 119. 198, 15, 11. 3815. 51.
01. 11. 111111). 111. 111. 111. 111;

1111111111, 96, 1,1111, 3,165, 5,
1111, 8, 190'3 1111611113, 11, 195.
11111116, 163, 19,113.’11(111111
3,155. sedens 1,’ 111. 151 11-

0 (1111111 1,13, 11193 11111111,
11 11111111’1,’111.111111111,
111. 1111111111.

sedes 11,11. 1111111131.

seditioni 15, 61. seditione 1, 11.

1181111113, 11,113.

segmentatis6, 89.

sepmentum segmente2,121.

e'pedes 8, 61.

:e 1,111.’1,111111111111,6,353.
1111113136.

semel 1, 114; 4, 111; 1, 111; 1, 111;
11111.

semenstri 7, 89.

semesum 5,161.

1111111111ωο1111,131.

semite 16, 363.

1111111113513.

semodio 11, 61.

’3111113111311311113
110. 111. 101, 10, 11. 111. 111;
13, 199, 11, 11. 118. 1115. 161.

senatori 6, 81.

senatus 1111111. senatu 8, 93.

senectae 13, 59.

senectus 1,111, 3,111; 1, 8191,
,111; 1, 15, 1, 111. 111; 11111.
111; 11,11; 11,111; 11111.

senescit 1, 51. 111111111111,115.
senuerunt 6, 59.

senex 1 111; 3,111, 13,185; 11,
51. 181 11111119, 6611, 8,
153 senem 11,1.111111111’19,
138. sembus 6166. senior (nom.)
6, 115. 581. (circ.) 16, 33.

sensus (1111111 8,13. 1 ,11111 15, 133.
sensum 15, 116. sensus 1111111.

sententis 1, 111, 1, 136, 61118, 8,
115, 11,·1115.

sentina 11, 93.

sentio 7, 511. sentit 1, 153, 6, 361.
sentiet 111115, 11111111 11, 98,

Jnrensl (saginor).

81*

13, 5138. sentirent 15,11. sensit
11, 311. senserit 15, 911. senserat
1111111611, 111.
1101111ἐῖ41, 91, 6, 61131111, 11, 59,
111141111δῆ1 6, 511. septembri 11,
1118111111 6,183.
sepppppp,14,l6315,11. septime

sepuicri 6,13(1. sepulcris 16, 116.
1111111111,’,111 3,115159, 6,’;1911
’111, 76. ”11.1 1110011111’19,58’

sequntur 13, 90. 1111111111 1,
135, 11, 39. sequar 11111.) 11, 86.

secutus 1, 181.

11111115311.

serenum 1,119. sereno 11,·118.

scrius serie. 11, 93.

sermo 1,11, 3,13, 6, 193, 8, 311,
sermonem 3, 81. sermone 6, 186.
119.1111110111119,88,11,151

1110111113118, 11’,81.’

111011115131. 538, 8, 111; 11, 111.
serpente 111111101111111115,
1511. 11 1111151115,91,15,3.

serraco 3,15. serraca 5,13.’

servire 7, 11, 16, 181, 11, 166.
serviret 1, 38.

servitii 3,115.

servo serves 9, 51. servet 3,113,
1, 611, 1, 138. servent 11, 191.
servet 11, 113. servare 1,1; 6,
651, 11, 83, 11, 119. 161. servabat
3, 1116, 1, 59. 111. servavit 3,
139, 9, 89. 111111111511. 111·
vantur 8158, 11, 391. servate
11, 6. servatum (nce. 1111111168.
(nescir.) 16, 186. serrato 16,16.
servatii 6153. servatae 11,11.

1111111110 (adv.) 1,1119.

servulus 3,153, 11, 67.

servus 11119. 111; 8166, 9,15,
1311. servi 5,·119, 9,119. 111.
servo l, 93, 3,131; 6,119, 9, 5.
servum 8119. 11111 ἵ, 141, 6,
1113, 11181. 1111011113151, 6,
311, 111,131,11,116; 11, 161111.
3116. servis 3, 189, 6, 331, 1, 1111.
servos 3, 111, 6, 511, 11,191.
1111111566.

sescentis 1118.

sestertia 1110111.) 1, 1811. ccc.) 1, 91,
1,111; 1,16.19, 9,11; 13,11.

1111 5,·16, 11, 31.

6

 

