Worterverzeiohniss. 41*

6101114269 6101455. 19297. 1011111119289. forma
llum 2, 169. flagelli 5,154. 6, 193.
llum 8, 151,13, 195. flagello 10111101 6, 361.
11,113. flagellis (aas.) 11, 13. formidine 13131, 1111.
(1111191111. sorrm‘do formidat 3, 176. formi-
flagftio 13, 244. datus 6, 559.

tem 14, 2456 101,152. formo formant 6, 244.
119139. 1310111113, 1011101116, 162. 1011101119465,

16. flagrantior 13,11. flagrabat 13, 43. 1011011116186. formo-

4, 114. sissimus 19, 331.
ωηιῗμ111171111111101, 133. 6311611661 313.

6111111119,266,11,63. fornicis 19133. fornice 3, 156, 11,
flammea 2124, 6, 225. 113.
flammeolo 19, 334. forsan 6,14; 12,125.
flammo 1111. navo 1113. 1011111111591111,1,111;11,

navam 6,311; 13,111. 131; 11, 31. 111,
fleme 1311. ronam 1, 11; 11,11. 103, 13,133;
flecto flectas 13, 144. flexit 1,29 15, 15.

6011110 9, 29. 6011 6, 493. 10110 3, 278, 6, 642, 7, 156. 232,
flet 1101. flentem 1, 111. flebat 11,113; 13111.

1133. fortis 1103. 1011011619 11311.
1101113111. 1101111136. 1110113311. fortibus s,
florali 6, 256. 122, 1011111657. fortior 3, 262,
6010111611 8, 99. 12, 66, 15, 161.

601 5, 56. 6010115,59 1ο111111113,225.
60101111 9121. fortuna 6, 267, 7, 197, 19285, 12,
fluctum 6, 322. 61011 11, 94, 12, 29, 14, 326. 1011111019011113,

39, 14, 296. 610111 6, 92. fluo· 19. 29. 86, 15, 95. 1111111952,

1161119186. ll. 176. 10111111110,73;16,34.
6111111157. 61111113,31,10, fortuna 6, 593, 8, 74. fortunas
611116295. 6110111969. 1011111111119,122.
foculum 3, 262. forulos 3, 219,

100111 5, 97. 1000112,65,15,83, 1011111,126. fori 16, 47. 10104,’1.

focis 4, 66, 11,79. forum 7,132. 1010 1925, 11,
foderit 9, 45. 59. 1011110116, 68. (ooo.) 2, 52,
suedas foedere 7,123. 13135.
foedas foeda 3, 146, 6, 132. 461. 10111219

foedum 110111.) 14, 64. (01010111.) 101101 11, 89.

7, 5. foedo 6, 225. 10011114, 64. fovet 6, 666. 10111116, 165. fovetur

foedis 1, 113. foede 11,111. 3101111.

foedior 4,14. foedius 2, 62. fragili 12,66. fragiles 6, 344.
foma s, 101. fragor 11,101.
folium 8, 126. fragam fraga 13, 57.
follem 13, 61. 1011014,261. 101101 frameam 13, 79.

7,111. 10111611 19, 61. frangis 8, 136. frangit 6,479, 1,
ron· so,119; 11, 11. fontis 313. 111, frangimus 11150. frange

101101114,194. 10110 3, 267, 6, 7, 27. frangere 19, 102, 15, 9.

289554. 1ο1116117,59. frangebat 6, 247, 11, 192. 1 't
forcipibus 19191. 7, 66, 14, 93. 110301111629.
1010 es. sum. fregeris ,fat 01101.) 14, 369.
101016221. 1011611 9, 65. foris frangitur 1,191. fran 11116,

(odo.) 5,126; 9, 77. 69. 1111 11111 19, 2 9. fran-
forioas 3, 38. genda 8,1 . fractum 5, 68. fracta
1011115, 61, 9178, 19324. formae 2, 111;4, 33, 6, 522. 616, 16, 134,

 

