28*

conspecta 2, 81. conspectius 8,
⁰⁰33? 1111111011 iiim ⁴’
consputis 1, ni ‘ ⁴
constantia 2, 105, 13, 77. 237.
consterno constratum 10110.
0000111011 6, 487. constituebat 3,12.
000010 0000101 6, 626, 7, 77. con-

stant 6,166, 7, 45. 00001017,

230. constent 6, 365, 14, 258.

constare 14, 17. constanti 6, 93.

constabit 7,188.
constrictus 5, 84.
consuetudo 7, 51.
coraustus consuetis 5, 74.

0000111 7,197, 8,148. 236, 10, 41.
00000110 8, 262, 11, 86. 00001110
5, 30, 7,198, 8, 23, 10,122, 13,
17, 15, 27. 0000111111υο 11, 261.

00000111 6, 396. 565. 574. 590. con·
00101 14, 317. consule 11, 33.
consulitur 6, 575.

consume 4, 08, 13, 160. 0000010010
14, 128. consumpserit 1, 4. 000·
sumitur 11, 47. 0000100010 2,155.
consumptis 8,185.

consuo consuto 3,150.

consurgit 6, 507.

contagio 2, 78.

0001001011 3, 288. contemnunt 2, 35,
5, 102. contemnas 9, 99. 121.
contemnere 3,145, 6, 22, 9,119,
16, 123, 13, 75, 14, 160. 000-
tempsit 6, 90. contempserat 6,90.
0001010010 14, 232.

contemptor 6, 342.

contentus 3, 170, 7, 79, 9, 9, 10,
172, 13,133. 00010010 6, 54, 15,
83. 0001001001 13,243. 000100-
10013,314. 00010011 14, 179.
contentae 3, 277. contenta 13,
47. contentos 2,161.

00010111 6, 225. 350.

contexere 14, 27.

continet 5,100, 10, 80.

contingis 8, 28. 00011ος00114, 184.
contmgat 6, 217, 16, 941. con-
tingere 6, 50, 7, 60, 8, 7. con·

tingens 11, 01. sonunt 1,101;
6, 564, 7,122, 13, 7. contigerit
6, 49. contingi 6, 288. 00010010
0011111111 1o‚190; 11101. continuo
(20400.) 6, 493, 13, 191. 219, 14,

Register.

contra (praep.) 4, 89, 8,138, 16,
33. 34 (bis). (cdo.) 1, 160, 3, 290,
6, 644, 9, 12. 91, 13, 126.

0001101111 6, 174. 0001101101 11, 187.
0001111010 11, 203.

contrarius 9, 21, 10, 36.

contundere 13,128.

conturbat 7,129.

contus contum 2,150, 10, 20.

0001011001 16, 36.

concello convulsa 1, 12.

000100117, 136, 15, 164. 00010οἱ01
10, 348. 00010010019, 132. 000-
1000101 6, 281.

00010010016, 25. 0001001008, 12⁹.

converte 3, 321. conversus 4,120.

convicia 3, 237 .

convictus (sabat.) 11, 4.

conviva 5,161, 9,10; 11,66. 000-
11101011,136. 0001110 (occ.) 5,
74. ²(obl.) 5, 25. 00011100 3, 256,

0001111010001.) 11, 179, 13,42. (occ.)
1, 141, 5, 82, 11,150.

convomit 6,101.

cophinus 3,14. cophino 6, 542.

copia 1, 87, 16, 9.

coquere 15, 167. 000100 6, 472.
0001010 6,133.

cor 001110 7, 52, 16, 23. corda 15,

001001 ςζ praep
59. fado.) 6,140.

corbibus 11, 73.

corium 14, 264. 00110 13, 155.

cornicen 0010101012, 118. cornicines
(nom.) 3, 34. ‘cch 10, 44. 214.

cornix cornice 10, 247.

00100 2, 90, 6, 315, 12, 9. cornua
(nom.) 14,199. {acc} 13,165.
coronasti, 226, 10, 39. 00100001 6,
51. 001000 6, 326, 9, 138. co·
10000 15, 50. coronas 9, 85, 12,

87,13,149.

0010001010 6. 297. 00100011 11, 97.
coronata 13, 63. 00100011 5, 36.

corpus 3, 48, 7, 62. 00100110 10,
296. 321. 00 010 2, 75, 6, 235.
605, 9,19, 1 ,217. 356, 13, 92.
178, 14, 51, 15, 91, 16, 53. 001·
0010 (nom.) 14, 266. {ccc} 2,139,
2,117, 13, 230, 14,16. corpo·
ribus 3, 259, 15,106.

0010000010 10,173.

corripias 10, 292. 00111οὶ00 14, 54.

00110010 15,80.

,10101010 11, 11.

 

