W

humilis (116111.) 6, 287, 11, 171. Ham.)
11,61. humili 1661.) 6, 46. 661.)
3, 39. humiles (666.) 6, 414. (voc.)
1611111661 616. humum 16, 69.
hydri 7, 70.

L
66616166. 119. 594; 16, 66.166;

16, 6. 166661 6, 580, 7, 79. 1666116
6, 36. 126. 1666616618,173,15,
46. iacebat 1, 6. 116, 11, 161.
iacebit 1,136; 10, 206. innuit 1,
120, 6, 476, 10, 288, 12, 62.

166161 6, 236. 1661616 3, 106, 8, 6,
13, 22. 16616161 1, 62, 4, 118.
16616116 12, 90. 166166111262.
16616161 8, 208. 1661616 14, 265.

iactura 3,125, 6, 91; 13,177. iac-
turae 13,8.

166166 16616 12, 33.

1666111161 7,193.

1666161111 1,11.

iaculum 5,165, 8, 124.

16611,5.64, 123. 139, 2, 39. 101.
115, 3, 62. 198 (616). 199. 206215.
221. 262. 265. 317, 4, 32. 37. 56.
57. 76101135138, 5, 2147. 68.
94166168, 6, 16. 43. 105. 127.
147153. 215. 302. 304. 325. 329
(616). 349. 369. 370. 377 (616). 442.
485. 488. 515. 574. 628 (616), 7, 3.
30. 77. 170. 210, 8, 4. 97. 153, 9,
49. 75. 79. 86, 10, 28. 61 (616). 77.
154195. 199. 204. 217. 249. 270,
11,13.50.77. 127. 157. 204, 12,
6. 66. 69. 86; 13, 9. 1611. 119; 11,
58. 80. 220. 250. 251. 276, 15, 56.
62. 69, 91. 112. 117. 159, 16, 45.

ianua 3, 4, 6, 79. 215, i. 42, 12, 91;
19,119.116.

ibi 6, 324, 8,64. 177, 16160, 11,
116, 11, 61, 19,156.

ibidem 5,40.

ibin 16, 3.

166 16166 5,125.

ictericae 6, 565.

16166 (666.) 4,121, 6, 126. 261, 12,
17.

idcirco 9,119.

idem 3, 148. 291, 4, 8, 6, 112, 8,
16, 1611. 166661, 1116116,
16,59. 6666111323, 6‚1;6,177.
349. 402, 7,198, 11,161,14,310.

Resistet.

idem 6, 217. eiusdem (sem) 12,
16. (116611.) 4, 94. eidem 16122.
idem (666.) 4, 12, 13, 76184.
eodem (661. mane.) 10, 42. (nair.)
9,165; 14,8. 1d9m1110mplur.)
8, 98. endem 10, 263, 13, 172.
eisdem 14, 30. easdem 11, 113.
eadem 1, 11. 116, 6, 61, 6, 61; 1,
161. 153, 10, 256, 11,21.177,
16, 1ο1; 11616166. isdem
661 11⁵³· 1111

1600’9, 11, i, 16116. 111; 6,161;

1666161616) 1, 45, 5,114. (666.) 6,

. .648,7,117,13,117.Η

16161116 5,10, 10, 232. ieiunum 15,

igitur 2, 34, 4, 5. 89. 130, 6, 91.
210, 7,166.188, 8, 240, 9, 20,
16, 16. 16166165, 11,166; 11,
{g 69. 111; 19, 161, 11,66; 16,

ignavus 3,.Ι2ἱξ.5 ignava 14,106,.18-
navum , .

igniculum 3, 102.

186161,134, 12, 19, 13, 226. ignem
3, 214. 253, 4, 61, 6, 3, 14, 244,
15, 84. igne (661.) 15, 146. ¹5⁰¹
(661.) 14, 285. 1866661661.) 10, 1.
(666. 6, 624, 13, 146.

1811611· 4, 1ἑ142, ξ, 237.

1 6611111661 , 0.

igoro 3, 43. ignorant 6, 669. 18·

ι 116161 11,16. ignorasse 16, 163.

1811666116, 435. ignoscitis 8, 181.
111666661661

. inentibus 3, 1163

ἷῖἓέέέ,(ἒ1ξέ346 ignotum 6, 637.
16 66 , .

ille 1, 9. 91; 1, 99. 96. 99. 166; 9,
67. 70. 81. 91. 186. 246264, 4,
73. 89, 136, 5, 62. 162. 176, 6,
137. 214. 319. 376. 479. 635. 542.
615. 622, 7, 85. 88. 202, 8, 216.
166111, 6, 16. 91. 161, 16, 16.
31. 129. 164. 179. 196. 197. 227.
116. 111. 615. 616. 611; 11, 61.
151.169.171.113; 11,19.116;19,
166116, 11161, 16116, 1616.
1116 Ι, 151, 6, 85. 100111. 232.
233. 234. 270. 330. 368. 396. 408.
116161. 616. 631. 661, 16, 666;

 

