94*

vinosus 3113.

vinum 6, 21; 1,121. vini 1, 236,
10, 233; 11,161. vinum 6, 36.
vino 6, 16, 6, 616. 666. 1666,
61, 11, 166, 13, 113.

violae 12, 30.

violentius (nom. 63'669.) 4, 86. (adv.)
6, 36.

violo violare 16, 9. violarent 3, 20.
1161616111 15, 81. violatus 11,116.
violatae 13, 6. violati 13, 213.
,1161116 6, 531.

11811 1111116, 63. 266. 666 6, 603.
654, 9, 85, 13, 12. 1116 2,129,
6, 111, 111. 116, 16, 661. virum
6,116; 13, 61. viro 1, 16,1, 166,
6, 389. 515. 1111 6, 363. virorum
6, 3333 1616. viris 6, 666. viros
2, 16, 6, 616, 1616. 116. 11111
6,133.

virentem 12, 85.

virgae 6, 210. virgam 11, 63. 11131 -

6, 611, 6,1. 166. virgas 6, 63.
136,11,61.

virgo 6116, 1166, 6, 11, 11, 16.
11111616 15, 139. virgine 6, 506.

virguncula 13, 10.

vindis 11, 133. viridem 6116, 6,
50. viridi 3,19. virides (116111.
plur.) 1, 118. (acc.) 6, 228. 458,

111166 6, 323, 8, 20. 11116111 10,
141, 14,109. virtutem 10,141.
661. virtute 2, 16, 1,1; 16111.
virtutibus (dal. plur.) 3166. (abl.)

111 ’6, 440. 11161 11,123. viribus
13, 66. 111613,180, 6, 253. 1111-
bus 16106, 12, 12.

viscantur 6, 463.

visci 11,11.

6166116 1166616 (nom.) 3,12. (acc.)
3, 44, 4, 111, 9, 43. visceribus

61616316. vitae 611.) 1, 111, 6,
26. 111, 16, 166111. 116666.
661, 11, 61, 161, 11,16, 13, 11,
16,136.166. (361.) 6, 11. vitam
1, 31; 3, 31; 16, 66, 16, 161.
viti 13, 22. 180, 235, 15,108.

11111 6, 315. vitem 8, 241, 11,193.
vitibus 3, 50, 11, 12.

1111111111,149,3,182,6,413,8,110,
11, 166116. 6603,161; 12,61;
16, 63. 11116 2, 31. vitiorum 1,

36311161.

61; 11, 61. 163. 6166 13,133.
vitiis 1, 3, 6, 288.
6660616210 6, 611. 1666 3, 661.

1111111168,116.

vitreo 2, 95.

11116 5, 48.

vittas 6, 60; 12,116.

vittata 1, 3.

vitulus 12, 1. vituli 13,111. vltu-
lum 6, 116. vitulis 6136.

vivaria 3, 308, 4, 51.

vivit 6, 666, 3, 66. vivimus 3,162.
11161112,3, 12, 51, 15,62. vim
3, 16. vivat 6, 66, 61; 11, 116.
1111111329. 1116 3, 228. vivite
14, 119. 111616 2,135, 5, 2, 1,
131, 14, 131. viventis 6, 56.

’ viventibus 10, 243. vivebat 8,
103. vivebant 6, 12, 13, 38. 1116-
161 6, 13. 11616161 6, 561. victuro
6, 63. vixit 6, 66. vixerit 1, 236.
vixerat 10, 212. vivitur 8, 9.
11νέ1116111 3, 191, 9, 118. vivendi
3, 6; 11,11.

vivus 2, 59. 11161, 10, 15, 69,

vix ’3, 251; 1166, 6, 66, 6, 666.
594, 9,16, 10, 214, 13,11.26.
11, 11,166. 163, 16, 66.

ulciscitur 6, 233. ulciscuntur 9, 111.
ulcisci 8, 222.

61661 6, 413.

616611.1666661616616311,
11,185. ullum 2, 41, 11,114.
ullius 11,161. 61116116. unm
6, 66, 11,166. ullum 3,136; 13,
166. 111036660.) 2, 61; 11, 166.
6666.) 11, 116. 616 11,161.
ullis 13, 36. 6111116142.

6166111,111.

ulmos 6166, 8,18.

ulterior 1, 16, 1, 16. 6111661666.)
l, 141, 9, 38. (ace.) 16, 118.

ultimus 3, 201. 209, 4, 38, 8, 260,
10,342, 15,90. ultima (nom. 6169.)
3, 110, 6, 128. (voc.) 8, 44. (nm
plur.) 2, 34, 12, 55, 15, 95. (acc.)
6, 61, 16, 266.

ultio 161161, 1616.

ultor 8, 216, 10, 165, 11, 261.

ultra (praep.) 2, 1. 159, 3,180, 3,
199, 14, 202, 16, 26. (11616, 18,
6, 166, 6161, 16161, 11, 611.

616616,166.

ululant 6, 316.

umbellam 9, 50.

 

