64*

operae 9, 28, 12, 127, 14, 281.
operas 6, 383.

operit 4, 42. opertis 6, 433.

operor operatur 12, 92.

opicae 6155. opici 3, 267.

opimam 16, 281.

000601101241.

oportet 11, 267.

0,),1Ξ1ὲ111101111 15, 8. (000.) 3, 35, 8,

opponunt 2, 39. opponere 9, 86.

(11,,101011 10h15121. ¹‹gpposito 11,

0,),110111016),0115.8 ’ ’

001011 cs. obruit.

opo opem 12, 33. ope 14,183.
1111110111111031

1 · · 1 t 1 1

3, 235, 6, 88, 8, 185, 9, 166.

opstat cs. obstet.

optimus 4, 78, 10, 331. optimo
1110111. sino.) 1, 38; 3, 223, 6, 136,
15,133. (000. plur.) 1,135.

opto optes 16,189. 0011116187,
10, 80. 115289, 11, 146. 0 1013,
276. optarem, 115, 13911 op·
tontibus 10, 7. optabat 10104.
optabunt 10, 346. optari 10, 293.
optandus 6,211. optandum 1110111.)
16,163. (001.)1,167. optandos
16, 284. optata (nom. 11119.) 16,
187. ,110111.,17111·.)5,117.

opdslddffi opera 8, 221. operum

11111110 1,111; 113110 10111.

01100116555.

11111111111111·1..
4, 148. orbem 4, 37. 132, 5, 21,

Regieter.

0101101010321.

0110010110 12, 83. ornetur 8, 253.
01000101 6, 79. 010111 6, 488.
0101111 6, 227. 01011111,64.

010011,11.

010 8, 67, 10, 256. 01100010 10.

0110 3,11.

oryx 11,146.

01 0111 16, 238. 010 3, 267, 7,167,
16, 232, 14, 138. 205. 0111000.)
3, 246, 6, 43, 8, 35, 15,137,

0101111100.) 3, 259, 8, 96. 146, 15,
58. 0106011580.

010011 (nom.) 6, 367. (000.) 6, 51.
567.

01101 (nom. 11119.) 5, 53. (noos plur.)
11,111.

01100011 13, 127. 011000113,151;
6, 589. 0110000113,215. 0110000
14, 66. ostendere 8, 2, 16, 16.
ostendens 1,124, 12,13. 0110000·
bat 11, 97. ostenderet 16, 53,
11,167. ostendit 1, 84, 6,124,
01100011017,9.

0111011011.) 13, 27. (000.) 4, 43, 8.
171, 9,165.

011101 ,1100) 4, 142, 6, 302, 8, 85,

01116394.

ovili 6, 529.

ovis ovem 6,156. oves 1, 168.

000 ovanti 6, 28.

ovo 5, 84, 14, 35. 011(110111.)11.
71. (000.) 3, 262. ovis 6, 518,

Ρ.

6, 293. 496, 16, 46, 11, 175, 14, ,100110010101010 6, 25. 00010106.

111. orbe 1, 1083 11, 11. son 10,
63. orbes 11, 122. orbibus 1,
137.

0161111437.

0161101111 4, 19, 6, 548. orbo 6,
276. orbi 12, 99. orborum 3,
221. 0111113129. ,

orchestra 7, 47. orchestram 3,179.

0100 3, 284. ordinis 7, 44. ordine
1. 127. ordinibus 6, 502, 14, 324.

orexis 11, 127. orexim 6, 428.

organa 6. 366.

orgis 2, 91.

origo 14, 226. originis 8, 46.

ornamentum 3, 204. 01011000113,
216.

paelex 2, 57. paelice 6, 272. 627.

paene 1, 65, 6, 563, 9, 79.

poenitet 1,110. paeniteat 10, 6.
poenituit 7, 263.

poenulo 076.

paganum 16, 33.

pagina 7,166, 1018.

p 111114.

p 1111111 10111.

palato 10. oon 11,11.

pane 10111.

0111012, 56, 11, 48. pollent 13, 223.
111011 1,43. ρ1110107,97. ,111-
10001 3,175. palluit 6, 392.

,11111οι11111 10, 82.

 

