96*

0111011111111.

0151000 6,11.

01610131, 1,116, 3, 9. 114, 6, 84,
1100, 10, 185, 11151. urbi 1,
11151, 6,190, 10, 341. urbem
1,111, 1,161, 3,61. 193, 6, 398,
1, 83, 161, 8,118.150, 10,111,
11, 111100. urbe 1,161, 3,11.
135, 11, 55, 16,15. 011100 10,
184. urbibus 10, 34, 15, 104.
urbes 6, 411. urbibus 11, 101.

urceoli 1103, 10, 04.

urguet 13, 110. urgueat 4, 59. 01·

. , .

01111011, 110. 0111101111313.

0111001144. 0100011164. 01110
6, 416, 1,108, 13, 4, 15,15.
011100 10, 141. 01000 1,136.

0100011160. 0111011111.

ursis 15, 164. 010οο 4, 99.

0111001118. urticae 11, 168.

usquam 6, 365, 1111, 11103.

00000 (praep.) 3, 84, 5, 119, 0181,
00, 812 101. 191. (adv.) 13, 158,

5, .

0001110111.

0000 4, 139, 11, 108. 000 13, 18.
0000 11, 118.

011 art. 001101.) 1, 43. 115, 4, 11.
13, 5, 43. 113, 6, 56391609.
615. 649, 1, 31. 181. 138, 8, 134,
9, 11. 64. 101, 10, 13. 85. 110.
163,13,41.118,14,91.113.114,
15, 16. (part. temp.) 4, 60. 63,
11111. (part. 00110000.) 9, 101610).
103. (eum. coni.) 1, 16. 31, 3, 6.
56. 134. 184. 185. 111. 301. 310,
1981191501. 111. 130151159.
163, 6, 54. 15. 80. 81. 118181.
191. 139. 181. 351. 510. 518. 540,
1, 19. 11. 111. 160130. 131. 131.
13ἵ. 138, 8, 41. 68. 15. 81. 184.
186. 196. 111. 111, 9, 119. 110,
10, 5. 141610). 98. 161. 101. 115.
140143. 161. 314. 354. 356, 11,
103. 161, 11, 54, 13, 1. 10100.
111, 14, 15. 18. 6811111131.
149. 191. 181, 15,19. 111. 149.
155, 1011. 11. 59. 60.

utcumque 10111.

60010101.

uter 01100 15,10.

0101000 10118, 1011. utrumque
9,19, 10,118. utroque 1, 50.

uterum 6, 599. utero 10, 309.

utilis (masc.) 14, 11. 11. (sem) 6,
010. 0010000.) 010 0110.
000 1, 00. 100 0, 00 10, 010.
(aec.) 9,114. utilium 12, 51. uti·
lior 4, 84.

utinam 4, 150, 6, 335. 638.

utor uteris 6, 196. 011101 5, 110.
utimur 8, 184. 0101111149.

utrimque 6, 581, 15, 35.

uva 1, 81. 01010031. 000 1, 81,
1168. uvae 11, 11.

vulgus 1,14, 3, 36, 15, 116. uulgi
01001001001001010.
vulgo 13, 35. volgi 1, 85, 8, 44.

vulnus 8, 98, 15, 34. vulnere 3,
100 0110 10111, 1010 10,
51156. vulnera 5,11, 0141.
vulneribus 1,13, 14, 164.

vultur 11, 11. vulturis 13, 61; 11,
19, vulturibus 4,111.

vultus (nom 61'119.) 9, 11, 10, 68.
000.) 11,151; 1011. vultum ³,
05, 6, 461, 10, 191. 134 300, 11,
189. vultu 1, 11, 1104, 6, 418,
0, 0 10, 169; 11, 01. 110, 100.
vultus 8,1, 15, 56. 00110011,
100 0100 10110.

vulva 11, 61. 1011010131. volvae

uxo'r 1, 111, 0110 0, 0. 15. 116.
113. 211. 167. 348. 5³5. 611, 9, ’11,
10, 111. 000. 000 11, 101 ; 10, 10
14, 168. 0101105, 148, 10, 351.
01011 1, 56, 10,101. uxorem l,
10 0, 00 01010100 11, 001.

0101101106.

Χ.
xerampelina· 6, 519.

Ζ.

zelotypus 8,191. zelotypae 0118.
10100010 5, 45.

ζωή 1195.

zonam 11, 101.

..-.-——--——

 

