W6rtaervernei6hni66.

11,52, 13111221 11265221
15,3.116. 1116112113, 588 6

41*

16 56 11966616, 166166
6161464116, 161; 14 361 1611.)

191· 8,,216 12112 16,8111161 11, 81. 1691611131.

1661616 5111915116351116,
116. 611.Μω11,66.116;5ζ·11ζ
6,15. 116; 1, 11.166;’6,’55’
116, 16, 61. 61. 626; 12, 116;
16, 263; 14, 226. illum 3, 11,
5, 116. 166; 6, 666; 1, 166; 10'

61166116, 11,11; 1611111651
1161, 6, 162. 214. 661; 14, 64.
illud 3, 268, 1, 162, 6, 33. 53.
2663 14, 66. 11104,106. 116,5 5,
138, 6,,268 1,1,68 16, 187. 218,
11,’61, 12,’26. 11111115, 3,111.
211, 1’,8.1 93, 8, ’13’; 8,118, 13,

823911511111116189

1111663311, 111611,16.’111’.1116ω61

16, 166111165166161191116
6,11165;6,111;1165 6,.ξ16111
1’6, 656. 6’51’; 11,’11’6; 1'6, 166; 16’
46. (f0m.16,''611;6,6’2;16,64;’ 15’

1119611116 6, 3.

impero 1111961116 84. 224. imperet
1111161111 15, 62.

11691612, 66; 6219 516 9,,56 14,
6 288. 1111916616, 313. 1111916161

6,661. 1111961111, 11. impevere
11, 215. 1mp16veio8, 961111-
pletur7, 24. impleri 5, 75. in-
91611161 inplerel, 63. inplevi “

1321. in 16161112, 58.
mponite', 1 229, 121311 ’1611611116
{vg} inponet ’,12 ’.118 1119611161

, 1691661161, 16, 365. inprobitas 13,

3.

1119166613282, 9,6,3 16, 31.’116-

proba (1611.61”’1ι9.’)6,’86. 1565, 13,
3 16916616111166.

impune4, 152. inpun61,3..4
1111911616179. inputo2, 17. in-

66. (6663 10, 3; 16,146. 1161 p66615,14.16.

1,116; 2,15. 156, 6,116, 8,161.
261, 9,111. 131, 16,235, 11,Ι23.
4144 3, 611. 1116 4,160; 6,6.146;
8, 39, 16, 26. 11111 (651. mam.) 2,
16; 4,41; 6, 346; 6, 266; 6, 122;
11, 121. 158. 181. 1 sem.) 6, 281,

11, 166.

11116 1,91,1,159; 3, 88. 176. 177.
191, 5, 1613, 6, 36116, 8,199;
8‚44; 16, 323, 13,111; 15,7(16'6).

12. 91. ’

mne 1,166; 5,61; 1611, 16, 161.

11166 3, 21, 6, 339, 12, 53.

· 6, 66; 16, 221. imagine 1,

2 ; 6,16; 11,16.
imber 13, 61.

imitatur 7, 12. imitantur 14, 167.
imitandis 11, 46. imitatus 12, 34.

imitata 6, 311, 16, 299.

imm6n66 15,125. inmane 16, 161.
inmanem 14, 162. inmanes 15,18.

inmunia 15, 161.

immensa (666. plur) 7,111. in-

116111619666119.) 11, 186.
166616,321,13,”’;168’16,9.
161ω6111’,15 1’13.
‘up-1³,161. inpar 13169.

1519261116, 116. mpum'12,16; 16,

61691316616161

’61118,165,11,165.1611961166,

6;6 16, 313. imperium p10, 19,

imus imi 8, 47. imis 3, 266,
11116611 666.) 1, 38. 111. 143. 116,
2, 28. 68. 78. 136. 139, 3, 11. 36.
55. 62. 18, 122. 225. 221. 286322,
1, 68. 13126128115, 5112, 6,
183. 311. 416. 431. 486. 521. 522.
516. 566. 616; 1,1; 6, 166; 6,
111; 1111146. 65. 87. 166. 186.
264. 614, 11,40.166.264;12,116;
13, 18. 69. 155. 216. 226. 211, 11,
136. 148. 291. 318, 15, 16. 18. 151.
(cum 651.) 1, 6. 161. 161. 133118.
150. 155; 2,18. 51. 75. 78. 167.
108138150. 162, 3, 22. 18. 117.
111141151161. 111. 176. 235.
218. 265. 296. 316, 1, 6. 18. 74. 93.
91, 5, 44. 181. 153, 6, 2. 56. 58
(66). 65. 88161. 168151. 151.
165. 169. 111. 184. 188. 228.
212. 256. 259. 269 1616). 211. 219.
381162112131. 188. 487. 528.
561. 513. 588 (616) 596, 1, 1. 8. 28,
12. 13. 48. 52. 19161. 126115.
178. 268. 211. 211· 8, 3. 11. 31.
6116111121. 128136116113.
112. 266. 226. 238. 239. 211. 215,
9,13. 18. 12. 86, 16, 1. 21. 38. 66.
86. 93. 136. 147.175.181.185.217.
239. 211 166). 219. 366. 361. 331.
356, 11, 11. 21. 22. 25. 29. 31. 36.
38. 51. 59. 12.86.91.161.166.169.

 

