W6rterverzeiohniss.

umbone 7, 46.

umbra 7, 757. umbram 10, 21.
umbri 4, 6; 6, 4; 7, 8. 705. 779;
11, 109. umbrae 13, 52. umbra·

rum 8, 65. umbris 7, 767. um·

1000 1, 9, 10, 258.

umbriferos 10, 191.

umbrosae 75, 76.

umero 1, 21, 6, 491, 10, 221. 000-
ros 6, 4. umeris 10, 99.

umida (nom. 7779.) 7, 758. (000.
plur.) 77, 188.

umor 76, 32. umore 13, 133.

111111110ῗὶἰῶ ’1111110211 7²9
77, 98; 76, 777; 74, 43. 777. 105.
118. 328, 15, 88. 121. 161.

uncia 11, 131.

0001010001,40.

uncum 13. 245. unco 10, 06.

unda 6, 744. 0000 14, 289. undas
3,19. undis 12,31.

unde (interroy.) 1, 10. 150. 151,
2, 40. 12115101, 3, 292, 0, 286, 1,
188, 9, 8, 10, 32, 11, 56. 201, '275
108. (relat.) 9, 779. 769; 4, 98,
6, 339, 1,·10, 10, 106.

undique 3, 211, 5, 81, 8, 19, 11, 131.

001350οἒἆο ,0000,1961 21ἔο314 7 2104122

000

αηῗέἔ1υ23211110013108110 6u999esl9,

ungula 1, 181.

0019,ιὲ unct7t7i7,³ ξ. ²753. unctam 8,

. unc , .

unicum, 777; 9, 64. 001008, 20,

00001, 24, 2,,163 6512181,
122· 8,2141510, 10, 1,68 14, 33.
61. 168. 767, 15, 79. 00013, 151,
0, 443. 020, 6, 213, 10,]118, 11,
161, 13, 160. 166, 11, 36. unum
4. 128, 12, 68, 14, 747. 00100 2,
80, 3, 231, 0, 621. uni 6, 206,
7, 66. 000ιο 3, 3. 225, 10, 29.
uno 3, 311, 6, 51, 0, 133, 10, 221.

95*

4,12, 11, 118. 00000109. οο-
0000004,.1 00000011121.

volgi 77 0011300.

volgo 10010.) 15, 36.

0010 00100 10, 232. volantem 1, 54.
volanti 5, 771. 00106000 6, 251.

0010 3, 44; 6, 779. 000114, 2, 69,
5,11. 135.138,1,165,10,90.94.
340, 74,753. vult 9, 53; 6,465; 10,
338,11, 776. 777; 15, 141. 001000
3, 113, 1,151, 10111. velim 5,
101, 9, 1. 0011010, 339, 77, 30.
0011111100.0010011030.οο-
lenti 13,159, 16 13 0011006,
282. ve9le76, 598, 10, 184. 282.
00100 6, 547; 8,134. 001006,
391, 7, 997. 198, 13, 92, 11, 185.
voluit9, 46; 4 69 00100001, 209.

voltum 01. 001000.

001000 01. vulva

001000008,51,10,43.0010008,
776. 00100000 (nom.) 77, 799
(acc.) 13, 767.

0010010014, 102.

volunta776, 223, 13, 208

00100 001010 6, 452. 496, 14, 299.
001000 15, 96. 00100010 13, 88.
volveris 10, 126. 00100003, 55.

0010000001, 85, 6,.119 254. 368, 10,
210,11,1211.168, 13190 οο-
1000100000 14, 256, 15, 90. 00-
luptates 11100

0010001, 168.

vomer 3, 311. vomere 75, 167.

vomicae 79, 95.

vomit 7⁴³2·

00001001, 135.

000251. 55, 5,52. 131, 6205 7
229, 8, 44. 797. 232, 9, 78777733
00010005, 129. 006105, 51. 136,
8,126. 767. 0004, 36, 5,28. 103.
166, 0, 395. 629, 7, 20.

00600 12,21.

votum 7, 85, 9, 747. 0001 10, 6.
votum 3, 216, 11125, 0000 6,
60. 0010 10, 23. 111. 284. 0000·
rum 5, 18, 10, 2111. votis 74, 796.

223, 11, 53, 13, 113, 14, 66. uui vota 1,133, 6, 602, 74. 250.

1,138, 2,151, 3, 10, 7177.
611, 76. 185, 12, 19, 75, 756.

voveas 10, 354. vovebit 12, 775.
0000101318, 918, 10, 211, 11,

0001,161,111,110,13,243. 000 777; 11, 63. 000101, 1793 8,221.

{adt-7596, 11, 749.
707767 79, 32 0000101, 79.
000003. 239, 6, 131. 00000008, 32.
0000013, 979. 0000000013, 101,

000οι0 3, 90, 6, 380· 7, 82, 8,
185, 13, 111. 2115. 0οο02, 111;
11ος 6577: 17‚1;97 10100, ·
79,77. 000,00111. 0001601011,

15135. 000001011211. vocantur 774.

 

