Wurterverreichnise.

{iter 6, 97, 6,165. turpissimus

111111116166. 1111111112116, turre
6, 291. 1111111111 15, 156.

turture 6, 39.

tur ture 9,137. tura 12, 96, 13,

11111114112.

tutor 6, 79, 16, 92.

tutus 4, 93, 11, 146. 11119139.
1111111113169. 11111261. tutae
3, 366. 1111115,91,15,154,

tuus 3, 67, 6, 495, 16, 316. 11115,
141, 6, 199. 215. 566, 6, 55, 9, 72,
16, 316, 13, 35. 221, 14, 246. tui
5, 75, 9, 91, 16, 316. tuo 3, 319.
tuum (111. 111111.) 6,124.176, 13,
61. (1111111.) 4,163. tuo (431.
111111.) 13,116. (muer.) 4,124;
6, 61, 14, 265. tuorum 6, 22. 74.
274, 14, 59. tuarum 7, 22. tuoe
2,126. tua 4,66. 135, 6, 66, 9,
55, 14, 53. 1111111111.) 6, 95.
(matr.) 5,126, 6, 231.

111ἑιρ1111 (nom.) 6, 515. (acc.) 3, 64,
,176.

tyrannide 6, 223.

tyrannus 13, 367.
1111111116162. 1111111116113.
tyrannis 6, 261. 1111111016151.

tyranni 4, 83.

U. V.

vacat 1, 21, 5, 6. vacantem 6, 116.

11111111 16, 22. vacui (ἕω. 111111.)
15,1314. (1111111.) 15,2. vacuum
1mwstnvmmuff3
vacuo (abl. 1111111.) 5,17. (1111111.)
6, 66. 1111113, 96. vacuis (111111.)
1, 133. 1111131131 11, 111.

vadimonia 3,113. 131.

uado vadit 6,168. rudae 11, 265.
11612131.

111111112151.

1181111544.

v ‘tu11,133.

vuumssmnuueu4
valent 13, 145. 1111116, 611, 13,
126. valeant 15, 67. 1111 3, 316.
valentius 12, 63.

valida 11,5.

vallem 3,17. 1111112133. 1111111111

111111ι15,126, vallum 1616.
valvae 4, 63. valvis 9, 96.

91*

1111111615. 1111117,263. vano
3,159. 11116636. 1111113,
131. 11, 41. vanissime 14, 111.

vapulo 3, 269.

1111111111 6, 397.

varius 11111 13, 236. 11111 3, 264.

111 7, 119. 1111 (nom.) 3, 271.
(acc.) 3, 251, 6, 356, 16, 161,
11, 11.

11111111611111.) 9,141. (ace.) 1313.

11111 13,199. vatis 11,114; 13,
79. 1111 6, 564, 7, 93. vatem 7,
53. 11111117,69. vatibus 1,13.
vates 3, 436.

uber ubera 3, 9, 12, 6.

uber uberibus 6, 273. uberior 1, 67.

ubi 1111111191 1, 31; 3131, 1,155.
(relat.) 3, 12. 25. 119. 191. 262.
113, 4, 30, 3,153.340; 13,134;
11, 11, 13,113; 15, 5. 1111.)

ubicumque 4, 55.

ubique 1,11; 3, 313; 1, 111. 131.

ude 1, 66, 9, 4. udo 6, 242. udis
11, 311.

v01,133; 3,111; 1, 141; 5, 133; 3,
13. 335; 11, 311, 14, 2333 15, 133.

vector vectetur 4, 6. 11111116, 577.

vector 11111111 12, 63.

vehemens 9,11; 11, 31, 13,196

vehunt 3, 256. vexit 3, 35. veheris
5, 55. vehitur 4, 21, 6, 351. ve·
11111111,156. vehetur 3, 239.

111 1,66, 122, 2, 6123, 3, 5. 94.
126. 133. 1361611). 153. 241. 266,
5, 43. 31. 135; 1111111. 133.
543. 553; 1, 113. 143. 131. 11111,
1111111111 3, 13, 13‚104; 11,
13. 13; 11, 45. 111.113; 13, 25.
21. 65. 94. 113. 11511111). 125. 149.
135; 11,.11. 131. 111. 110; 1313.
66139111.

velamen 3,176.

velaria 4,122.

velificatus 11,]11.

vellendas 11111.

1111111 12, 4. 11111116, 269. vellera
1, 55.

uelo velue 6, 145. 111111 6, 391.
1111111114,366 1111116346.

11111611136, 167, 9, 126. (metr.)
3, 73. 1111111 13, 66. 11111111

1111111 velo 12, 69. 1111 (notul 9,
165. (aec.) 6, 226, 15,127. velis
1,113; 11, 31.

 

