52*

117. (0111100010 8’,137. ‘mulr.)
14, 146. lassi 1,13,2 15,167.
1111118, 151. 1111619, 55. 111111

10100 11111 6, 237. 10111111 9, 18.

latine 6,188, 11, 118.

latratibus 6,115.

latravit 1000.

latronem 13,145. latrone 10, 22.

latus 6, 650, 8, 117. 1110111 6, 505,
13, 229. 111011 6, 37. latus 3, 131,
7,109, 11,112, 12, 31, 11, 289.
111110 11, 96.

latus 1111965. 1111111000100101
l,.l57 (110011.,.16182 111111,
368. 10101027, 11101 11,122.
1111111137,1,,2111156,92, 14,
215. 'latini 11, 231. 1111111111

laudabile 11, 22.

laudo 3, 2, 1,18, 12, 121. laudas
10, 28. laudat 3, 86, 6135, 13,
32. laudamus 8, 58. laudant 14,
182. laudem 11, 58. laudet 14,
154. laudare 3, 12. 92. 106, 7, 31.
laudabat 1121. laudatur 1, 71,
1, 71, 5,12. laudetur 14, 111.

1000 lavat 3, 262. lavatur 5, 96. 11-
vantur 2,152. lavari 6,117; 7,
130. lotii 6, 461. 1010 6,129.

laurus 2,158. laurum 7,19. lauro
6, 79, 8, 253. laurus 16,65.

1001 laudis 8, 76, 10, 143. laude
8,71.111(116116,182.

lautus 11, 1. lauti 14, 257 lautum
1,67.1111011,13.1111011117,
177. lautissimis 3, 221 lautis-
111117, 175, 11, 146.

laxet 6114. laxare 4, 67. laxabant

lectica 1, 32. 121, 3, 212, 10, 35.
lecticas 6, 309.

1001010 1,13.

1001111119, 77

1001113, 203, 6,,208 8,177. 10011
6,2,26 9,78.100111116,21 11010
260, 5·,17,,6591,7,105. 100111
11, 96.

1001111118,172

1οξιᾶ ’02 15'5. 10010103, 132 1101-
0001111000.,111 211. (,00.0110 79.
10010116018, 255.

1001611011, 9, 44. legitimis 6, 200.

1111010,338,12,100.

qusoslegatum 0.00019, 62 00019

1310111111.

2000100017,231.10001117,101.
100013, 211. lecture (00016, 277.
11001111,69,13,121. legerat 7,
512, 11, 78. legantur 11,182.
110111 13, 136.

legumen 15,174.

lenae 6, 489.

1010 1,55. 101010 6,127. lenonum
3,156; 6, 320, 11, 16. lenonibus

lentus 8, 218. lenta (nom. ⁸6³9.) 13,
100. (032. 0100.) 16, 47. lento 6,

1008, 36, 11, 217, 15, 161. leoni
15,166. leonem7, 76.

1001111138.10001015,167;11
81. 11001115121.

letale 15, 165.

1061010156.

leto 10, 119.

10111 3,111, 9, 95. leve (nom.) 16,
199. (acc.) 1162. levi 2,12.
levia 8,115. levibus 6, 356, 8, 35.

11111 6, 507. leve 7, 210. levium
1113. levibus 171182. 101101
111311. leviori 7, 77. levioribus
4,11. levius (adv.) 2, 56.

1300 levant 12, 53. levet 14, 236.
levarit 14, 83.

lex 2, 37, 6, 38, 7,102, 10315, 11,
321. 10013155. legem 6, 635.
1001 6, 453. 10001 2,13; 8, 91.
legum 4, 79, 6, 511, 8, 50. 268,
11, 177. 10001 2, 30. 72, 7, 229,
11,8; 11, 100. 193. 1001611 10,
251,16,15.

libarius 9109.

libelli 1, 86. libello 14, 193. libelli
7,107. 11601101 3, 206, 6, 211, 7,
26. libellis 12, 100, 13, 19. 62.

liber librum 3,11. 11610 6, 263.
⁵⁷83 8, 1:14. libri 1, 5. libros 3,
219. libris 0150014.

116115 161, 9,122. 116011 (nom.
0100. 18211. (nom. plur.) 8, 211.
(0000),,1011190.

6601111112112, 3299, 6,1.10217,
8,177.116011111277.1160111·ι
t6m 11,56. 230 116011110“ ι, 116,

660011011101

1160111116, 146. liberto 2, 59. liber·
10111528.116011017,13

11601163, 2,;1 7,,113 8, 29, 12,
95,11,112;15,81.1160111,19,
10,162.11601111115,88.1160101

 

