82*

severum 14, 110. severi 2,131.
severos 11, 91.

sex3, 203; 4,15, 7,166.

sexagesimus 14, 197.

sexaginta 13, 11.
sextarius 6, 427.
sextus 6,192. sextam 11, 206.

aemwffluu
sexus 6,135.341; 11, 169. sexum
6, 648. ·111112,48;6,253.
sil, 21. 58 74 79 1072626 28
43 69. 76. 1231511). 1.57 158. 167;
3, 19. 42.101.102.103.10715111
168.112.127.148.149.150.154
171. 173. 200. 212. 223. 239. 257.
273. 289. 2973 4, 12. 18. 20. 53
1611). 84; 5, 1. 3. 16. 46. 49. 167.
116. 126. 132. 138.159.164.171;
6, 33. 41. 42. 49. 95. 98. 143. 168
200. 206. 213. 243. 250. 255, 257.
278. 331. 332. 379. 415. 470. 475.
487. 495. 564. 520. 566. 561. 578.
582. 598. 614. 619. 642. 653. 660;
7, 8. 13. 22. 39. 5001101113.
12215111). 149. 171. 194. 197. 198.
238, 8, 9. 10. 11. 14151111. 16 36.
63. 8.6 116.111. 127 (bis). 128.
131. 135. 1361611). 144. 183. 211.
imumeQOm.
68. 74. 75. 123. 142. 204. 219. 246.
263. 280. 340. 343. 346. 365; 11,
12. 15. 58. 85. 116.119.186.196.
199; 12, 10. 23. 59. 99. 115. 122;
qummmmm.m
97. 101. 126. 135. 136. 144. 156.
170. 216. 217. 230; 14, 4. 71. 113.
145. 154. 159. 199. 226. 231. 240.
mmmmmffimQ;
111111111111
mimmwmmmm;
mmmmmmme.
mmmmmsmmu
196; 10,123; 11, 20; 12,78; 13,
Qmuunmnum
siccin 5, 161. siccabis 5. 47. siccen-
tur 16, 27. siccandam 3, 32.
siccatum 11, 75. siccato 13, 44.
siccus 7,119. siccum 1, 45. sicci
11, 82. 1111118,35; 9, 12. 11111
6, 148. sicci 16, 113; 15, 122.
siccis 6, 401; 13, 212.
11111111 6, 65. 107; 7, 204; 10,
Qum
11111116, 569; 7, 200. sidere 12, 103;
16, 4. 1111111 1111111.) 7,195; 8,

segnior.

149, 9,;33 13 47 (acc.,)1163.
side’ribiis5’‚22’.

signatorl, 67. si toribus 10, 336
11911111 1111321. signme8,142.
signu 119, 76. signabit 3, 82
signsmm14,1.32 si tae2,;119
signum5‚ 165· 8, 11.

16 55 signa3;216 8, 2;15,
157. signis8,162; 14307 16,17.

111ἓ1334238 11111117,16.9 siluit

1111111113, 272, 6,350.

siliginis 6472. siligiue5, 70.

siliquas 11, 58.

111113, 16· 9,13. silvaruml,135;
7,58.11111115152.

11111111116,,5

siluro 14, 132. siluros4, 33.

11111118, 214; 16, 195, 13, 156.

1111111111111115, 132, 6,7; 8,270;
11, 194. (sent.) 6, 653; 12, 10.
29, 15, 166. similem 26 8
271, 1451. similil3, 135. 1111111111
1111111.) 15,131. 1111.) 2, 33, 3,
,137765simillimus853 simillima

11111111111111.1111111 1, 92· 6, 327.

131111ἐῖ111111.,1 6, 234. simplicibus

111111ξ11ἓ15111,1,153;2,18; 6, 206·
simpuvium 6, 343.

siiiliulacra 1111111.) 12, 88. (acc.) 11,
simulat6, 271. simulau12,3. simu·
labitur6, 324.

simultas 15, 33.

sinciput 13, 85.

111117,207; 8,104; 10, 112, 209,
13, 52; 14, 69; 15, 54.

sinistri 6, 256. 1111111112, 87. 11·
mstis 141 sinistro 10,129.
sino sinebai 6, 288.

sinus 1111111.,) 1 88, 7,112; 9, 33.
ipen.) 12, 81. 1111116607. sinus
1, 150; 4, 41.

1111111118, 186.

siphonibus6, 310.

siquidem6, 621; 12, 107.

siquis 1131711111 12118. siquid
14, 47. 50. siqua 1111111117, 22.

111111 13, 93.

silio 11111111 6, 426. 1111111111, 70,
12, 45. 111111 1, 60.

11111 10,140; 14, 318.

sive 2, 118; 10, 211. 3221611); 11, 28.

 

