W6rtcrverzeichnisa.

acrium atria (nom.) 14, 65. (ccc.)
1, 7. 91, 8, 26.

atrox atrocem 1,(1.

attegias 14,196.

61166611 6, 66. 61166666 16, 251.
661666661616..

atteritm 16, 56. attritus 6,168, 8,
16. attrita 13 242.

”114, 166. 6613616618, 252.

6116 1 14, 95 attollat 14, 236.
6116116662, 95.

6666116612,21;14,366. 6116611661,
67. 6116611615 13. 6116611664, 71
61166116611,199 6116611666, 316,
611661914168, 239. 6116611664,146,

66661166 1966.) 1, 88. (661.) 8, 89.
avaritiam 14, 168.

avarus 7, 36, 9,38, 14, 111. avari
14, 178. avarae 1, 77. avaro 6,
141. 66616614,119.228.

6661166,255,1,16,

66616111), 36, 11, 48. 6661611132.
auctorem, 231 auctoribus 8,
213; 14, 33

66666163,73,13,169

audax (666116, 399, 11, 261 (66615,
74. 6611666616, 264. 6611661666, 284,

666661, 153. audca8, 165 audet
16 115 365 12 48 1514. audent
2,2, 5,131, 6,91,13,234. audeat
16,,916.29.66(161,13, 13,161
661161616122. 6666116616645.
6666161 4, 47. audebis 2, 82.
666161,1211,6,345,11,61. 6666
6,.117 66616, 2.35 6611661266.

6611166346, 11181. 6661613113.
6661164111, 7,1;08 8,131;13,
158. audiat7, 166· 11, 111. audi
3,1;15 6,115. 2211, 11, 64· 12,
24. 6661161214. 6661619168,
14, 286. auditur 7, 86 audita
(ἷιῖηἳιθῗηρω 112 3ncm. plur.)

66611611,1.166,1,86.

666116666613, 223.

averte 11, 183. aversus 6, 476.

66]6166116161114,19.151, 8,2;42
16, 286. abstuleria6, 331.

66μι6,.3189 6116111513

66963, 77, 6,585.

6666116613, 112.

6116’6661.)6,165. 39.en3 11, 143.
61616132, 616614, 82.

6616 16, 36.

66164,13;6,ι;366,.166

21*

aulaea (nom. plur.) 6, 67. (acc.316,

39, 14, 263.

avolat 6, 226.

66161266.

661616 6, 436. auratum 2, 96. 6616·
tam 6, 48. 661616 6, 594. 661615
16212. 6616116 6,123.

661666 1, 122. aurea 3, 168, 8, 261,
15, 1.

auriculis 8, 5.

auris 1621566166 3,122, 5,
167, 6,5;43 9,,113 16,341,11,
189,19’1.66161,164; 4,86,11,
59. 66111166 ((161.) 6, 4511. 16611

auruin 3, 55, 5, 39. 164, 14, 298.
6611 8,123’, aurum 1, 10. 28, 6,
482. 589, 1, 243, 12,129. 6616
6 ,116, aaa 1u,21; 11‚11c.

8111ἷῖ 4016131, (66, austri c, 517.
austro 14,268, 6661116 12,69.

661 1, 5. 44. 531616). 164, 2, 52. 91.
1mammmwmwm
134. 196, 191 (61.1). 192. 2241616).
241. 295 (116), 4, 47. 37 (616). 126,
5, 22. 33. 53. 164, 132, 6,15.33.
58. 77. 81. 138. 235. 266. 212 (1161.
219. 342. 449, 462. 482, 489. 561,
1, 26. 94. 95. 126. 121. 233 (6161,
8, 38. 186. 261, 218. 222. 275 (616),
9, 51. 81. 96138, 16, 5.54.114
1333 11,u1.135.111. 192; (1, 66.
163. 116, 13, 56. 51. 115. 162. 182.
246, 14, 81. 114. 165. 174. 178.
193. 198. 281, 15, 15. 21. 55, 82.
((6115. 1563 16, 37. 46.

autem 3, 269, 6,181, 7, 211, 8,
119, 16, 295. 314, 11, 96, 13, 26.
(96 11, aa. 10⁰3 13, 66.

66161631.

autumnus 5, 151. autumni 14,196.
autumnum 11, 76. autumno 4,
51, 16, 221. autumnos 6, 236.

avunculus 6, 615; 14, 43.

avua 1, 95; 8,143. avos 6, 163,
8,11.

auxilium 15,156. auxilio 14,183.
auxiliis 8, 256.

axis 3, 258, 8,116. axem 6, 416.
axc 1,60; 14, 42. 61664111.

B.

6666 3, 65.
bacchamur 6, 636.

 

