36*

emolumenta (nom 1, 3 22. (aee.) 16, 35.
661ρ1618,17,12,47.
ειῃι121186218665367 9 56.
31116166166613, 163., 66616611666,

662116166666666 315131.

268, 4,41.46.161, 5, 88. 163, 6,
179. 196. 366. 536568, 7, 2. 59.
125134158194199, 8,36,73.
262. 221. 258, 9,.22 84. 116. 126,
16, 4. 141362. 321, 11, 2 3638,
12, 115· 13 98 262 234 14 38.
73. 166127. 224, 15 2697167.

611661, 165.

enthymema6, 456.

6661163274. 6616, 521 66619,
166.16,366,16,166.316,12,
57.1162,,893,66,12,,83116
3,2.5128, 8,136; 9'21} 14122
euntem 12116. 16614,164; 11,
88. 1161 12, 14. ibit 3, 78, 6,
527. 576. isse6,409. 11611, 89·
4,.65 6666663316

ephebum 10, 306 ephebis2, 164.
416161161337.

6,)1161116111166 6, 574

epimenia7,120.

epiraediass, 66.

epistula4, 149, 16, 71, 16, 5.

epota 16,177.

epulus4, 28, 11, 88. 63161165, 173.

epulum3, 229.

636666, 626. equarum8, 108.

eques 8, 238. equitis6, 279. equi-
tem 9, 10. equites 7, 14. 15.
equitum 4, 32, 6, 625, 8, 8.
equites 10,95; 14, 326.

equestri 3, 154.

equitant 6, 311.

equus ecus 11, 163. equum 8, 58.
equos 1, 26, 7, 67.

erepet 6, 526.

6136 6, 389.

6131161616 (narn.) 14, 24. (aee.) 6,
151, 8,186.

6136 1, 3. 15.169.158.168, 2,15.
131, 3, 164. 276. 281. 318, 4, 55.
73. 99, 5,15.97.158, 6, 175. 224.
371. 432. 532. 626, 7, 171, 8, 37.
68. 269, 9, 82. 161. 114, 16, 54,
1631511346, 11,17.21.99.129,
12,126,13,2;64 14, 64. 79. 92.
119 146 244. 262. 323, 15, 62.
71. 134 171· 16, 22. 54.

36316161.

60011460111111
5889. 6166156, 567. 61661664,

611ρ1618,96. 311316613238. 611
8630916127· 5,161 eripietur

6111116161.

6116116 16, 4. 6116161118, 165. 6116·
166 13,188. erroribus 14,15.

erubuit 16, 316.

6166166134.

escaria 1116.

666111 7, 87. 66611666 (masc.) 3, 78;
1661611111. 1166131.

et 1, 6. 8. 13. 23. 34. 36. 42. 47. 49.
54. 59. 66. 68. 72. 73. 74. 76.
78. 84. 87. 93. 97. 169. 126122.
124. 137 (bis). 143. 145.157.168;
2, l. 3. 7. 11. 14. 16. 26. 25. 33. 35.
45. 56. 67. 68. 73. 77. 79. 86. 85.
87. 98. 165. 167.111.112.124(61’6“,.
131. 138146. 149. 156 (bis). 153.
155. 158166. 163; 3, 4. 6. 13. 16.
17. 26. 27. 36. 33. 34. 36. 38. 42.
48. 49. 57. 59. 63 (161). 65. 68. 74.
83. 88. 96. 97. 104114128. 136.
136. 148. 149. 154. 1551157178.
187. 189. 195. 267. 268. 216. 215.
216. 217. 219. 221. 228. 233. 237.
246248. 253. 258. 2621616). 263.
276. 272. 273. 284. 285. 287. 291.
161.666.611.616316.616;1,1.
8. 11. 14. 23. 30. 38. 44. 61. 68. 69.
84. 85. 91. 96. 166. 168. 111. 113.
115. 121. 122 (bis). 124. 129143.
144. 146. 152, 5, 8. 15. 26. 27. 37.
38. 48. 54, 65. 76. 79. 81. 94. 161.
112. 115. 117. 121124126. 133.
137. 140. 141. 149. 1541611115.
166. 113, 6, 1 (tiu. 6. 16. 16 66,
21. 25 [551. 27. 37. 46. 48. 52. 57.
59. 65. 68. 76. 79. 83. 84. 85. 89.
95. 166. 169. 126. 122. 128. 136.
144. 146. 147. 148149156154.
156. 166. 169. 171172192197.
199. 262. 265. 216. 2172252211.
228. 238. 246. 256 (516). 262. 264.
277. 283. 289, 291. 297. 299. 361.
365, 366. 315. 326. 333. 335. 342.
344. 348. 354. 356. 364. 367. 368.
375, 388. 392. 399. 464. 465. 414.
419. 429. 432. 436. 445. 453. 458.
464. 467. 473. 478. 483. 484. 438.
496. 567. 511. 512. 516. 517. 519.
526. 521. 523. 531. 533. 538. 541.

 

