32* Register.

depastum 4, 51. 11101116, 560. (11111114,120. dex·
deponis 1, 142. deponit 3, 186. trae 3, 48. (111111111328, 5,71.

l{ponunt 1131. deposuit 11, dextro 10, 5. dextra 6, 058, 8,

(ace.) 11, 1111111. 1111111111, 11,111. 1111111111
(11111111191819. deprendere 4, 13, 39.

142, 7,112. (1111111193. de· dicis 14, 235. dicit 7, 62, 14, 321.
1111111 ism ⁶2 11111111111111

1 · 1 1 1 · 1 1 · 1 r
11191 derexit 1, sc. 11. 11111,111;1,111;1,111.
derisor 6531. 235;10,210. dicant 2, 28. dic
descendit 7, 173. descendunt 10, 3, 295, 0, 29. 279. 280. 281. 393

58. 113. descendat 14, 01. de· (bie); 7, 100, 8, 50, 9, 54, 10, 338,

scendant 11, 164. descendere 6, 11, 33, 13, 33, 14, 211. 11111116,

622, 10, 282, 14, 260, descendet 205. dicere 1, 153, 3, 297, 4, 50,

0, 522. (111111111127. de· 5, 131, 8, 275, 10, 101, 11, 196,

111111111317. 13,161; 14,26. 150, 16,30. di·
desero desertis 7, 6. 1111 16, 41. dicentis 15, 134.
(11111111144. (1111111117,147. dicebat 4, 143,
desiderio 11,111. 11,11; 11, 111. cicens 11,11;
desidero desiderat 8, 78; 11, 153. 15,171. dices 11, sit. dicet 0,
ἀ111111111111118,164. 146405, 8,163, 13,184. dic·
(1111ρί1 6, 012. 11111111,44; 4,148, 7,110. dixit
desperatio 0, 307. 4,05. 119, 7,124, 8, 244. diximus
despero desperanda 0, 231. 15,113. (11111113103. dixerit
despicit 11, 131. despicias 8,112. 8, 30. dixisse 4, 36. dixisset 10,

114, 9, 99. despicrat 1,159, 5, 124. (1111111111111111 1, 161,

82. despiciam (fut.) 11,24. 6, 554, 16, 29. (1111111111.) 11,56;
destinat 111, 11,111. ieiunet 11,11. (11111111411114. dici

3, 3. 6,104. dicetur 6, 473. (11111111
desunt 6, 333. (111115, 120. desint 0, 449, 10, 9. dicta 15,98. dic·

3, 311. derat 4, 72. desecti, 1111(111111.111111.)2,119. [cce.

11. derit 1, 111, 1, scu 1, 111. mue.) 3, 11. 1111111111.) 1, 111.

111; 11,11. desit 1, 111; 7, 11. 111.) 1, 25.
deterges 5, 27. dictatoris 11, 81. dictatore 8, 8.
1111111112,22,9,122;10323. de· 1111111111, 59. dictet 8, 82. dictare

terius (111111.) 11, 50. (acc.) 3, 7. 0, 215. dictante 14, 29. dictabitur

(111.) 1,11; 1111. (1111. usna 1, 111, 1, 111.
detero deteret 3, 24. diducit 10‚153. diducere 10, 230,
detestabile (nom.) 2, 48. (ccc.) 13, 13,132.

111, 11,111. dies 1, 111; 1,1·1; 1,11; 11, scu
devehat i, 10, devectum 1111. 13, 23. diem 1, 4, 6,183, 7, 84,
deverticulo 11,11. 11111, 11,111; 11,11. cie 1,
devexae 4, 118. 105, 6, 475, 7, 61. 161, 10, 221,
(1111114,75. 12,1, 13, 198. 1111111113,172,
(11111111111111 1,40. 10343. diebus 11, 83. dies 13.
devotus 111. rec. nebus c,5sc; 11,1(11.
(111111111111111111. differt 1111. dicem 11,111.

dei 11, 107. di 6, 531, i. 207; distulit 10, 249. dilata 13, iis.

11,1111. (1111111111 1,11; cintii 11111.

11,11. 111, 11,11.111.111.111; (11111111 1, 111, 11, 11. difficili 11.

15, 103. (1111110,512. deis 12, 2. 213.

dis 4, 71, 5, 132, 8, 257. deos (11111111111113,227. diffusum 5, 30.

3,146, 13, 91, 15, 38. deis 8, diffusa11,159.

111, 11111. (1111111111, cito (11.) 1, rr. 11111 1,11ο; 1.

11, 111, 11,111; 11,111. 11; 1, 111, 1,111; 11, 11. 111.

. depositum (111111.) 13, 178. 204, 10, 249. dextrae 11, 01.

 

